img it12-r it12-or it12-o it12-oy it12-y it12-gy it12-g it12-gb it12-b it12-pb it12-p it12-pr
nirp_bassano_1910-56 69800 138959 0 0 0 0 0 0 0 0 0 0
nirp_bassano_1964_286 0 0 0 0 0 0 68040 57326 0 0 0 0
nirp_bassano_1977_36 0 175244 47325 0 0 0 0 0 0 0 0 0
nirp_bassano_3134 15641 168330 17520 0 0 0 0 0 0 0 0 0
nirp_bassano_393 37639 53604 0 0 693 43689 0 0 0 0 0 0
nirp_bassano_a0968 19825 156208 26211 0 0 0 0 0 0 0 0 0
nirp_bassano_a9071 16846 211009 0 0 0 0 0 0 0 0 0 0
nirp_bassano_b-m-812 10393 154411 35987 0 0 0 0 0 0 0 0 0
nirp_bassano_brm_bifa_78_1 33880 146949 8724 0 0 0 0 0 0 0 0 0
nirp_bassano_eastg_1675 2749 36952 149087 0 0 0 0 0 0 0 0 0
nirp_bassano_hhtp_2001_2_43 57148 31230 15207 16981 0 2399 0 0 0 0 0 0
nirp_bassano_l_f34_1939_0_0 0 229115 0 0 0 0 0 0 0 0 0 0
nirp_bassano_souag_b64 0 14804 35253 0 22001 36138 0 0 0 0 0 0
nirp_bassano_va_pc_2006bh7729 0 33373 150444 14102 0 0 0 0 0 0 0 0
nirp_bassano_va_pc_2007bm3158 0 0 0 111644 71420 0 0 0 0 0 0 0
nirp_bassano_va_pc_2007bp0700 0 221592 4357 0 0 0 0 0 0 0 0 0
nirp_bassano_wm_1544_1948 113667 48209 0 0 0 0 0 0 0 0 0 32422
nirp_berchem_1266 6401 53216 32794 4088 0 2885 21316 0 0 0 0 0
nirp_berchem_1923-16 61037 128884 25786 0 0 0 0 0 0 0 0 0
nirp_berchem_1932p117 0 189516 27534 0 0 0 0 0 0 0 0 0
nirp_berchem_1974_433 67069 0 8275 0 0 5325 65542 0 0 0 0 0
nirp_berchem_1985_645 148875 97497 0 0 0 0 0 0 0 0 0 0
nirp_berchem_210_1892 0 88996 116918 0 0 0 0 0 0 0 0 0
nirp_berchem_566 0 0 180176 2694 0 0 0 0 0 0 0 0
nirp_berchem_a1085 0 105853 83916 0 0 0 0 0 0 0 0 0
nirp_berchem_a1907 9389 193347 8538 0 0 0 0 0 0 0 0 0
nirp_berchem_a1908 0 0 0 0 0 0 9894 145946 0 0 0 0
nirp_berchem_a1909 0 237591 0 0 0 0 0 0 0 0 0 0
nirp_berchem_bolmg_1937_5 2928 1549 139520 0 0 0 0 0 5932 0 0 0
nirp_berchem_br10 0 62577 154330 0 0 0 0 0 0 0 0 0
nirp_berchem_eastg_1594 45636 101226 76407 0 0 0 0 0 0 0 0 0
nirp_berchem_eu_702 30780 60737 57968 5444 0 0 0 0 0 0 0 0
nirp_berchem_eu_703 8606 165641 49154 0 0 0 0 0 0 0 0 0
nirp_berchem_eu_734 0 0 0 0 0 0 35833 176379 0 0 0 0
nirp_berchem_hasmg_960_53 0 56874 123106 0 0 0 0 0 0 0 0 0
nirp_berchem_k1090 32896 184563 0 0 0 0 0 0 0 0 0 0
nirp_berchem_k2402 152856 65541 0 0 0 0 0 0 0 0 0 2056
nirp_berchem_leamg_a386_1953 43037 190153 0 0 0 0 0 0 0 0 0 0
nirp_berchem_ncm_1953_104 90309 86295 20097 0 0 0 0 0 0 0 0 0
nirp_berchem_ntsb13 14664 39116 67093 0 0 0 0 3758 0 0 0 0
nirp_berchem_nwhcm_1991_1_1_f 42774 194828 0 0 0 0 0 0 0 0 0 0
nirp_berchem_op31 3753 233067 0 0 0 0 0 0 0 0 0 0
nirp_berchem_plymm_061 0 104669 111847 0 0 0 0 0 0 0 0 0
nirp_berchem_rocdg_1230 0 0 32146 115363 30465 0 0 0 0 0 0 0
nirp_berchem_som_hm_a112 30850 161956 31345 0 0 0 0 0 0 0 0 0
nirp_berchem_som_hm_a291 2035 198052 24760 0 0 0 0 0 0 0 0 0
nirp_berchem_som_hm_a56 58391 171311 0 0 0 0 0 0 0 0 0 0
nirp_berchem_som_hm_a7 99057 99498 0 0 0 0 0 0 0 0 0 0
nirp_berchem_souag_b43 0 24995 108911 11929 0 0 0 0 0 0 0 0
nirp_berchem_twcms_b8413 0 247120 0 0 0 0 0 0 0 0 0 0
nirp_berchem_twcms_b8415 0 165643 61426 0 0 0 0 0 0 0 0 0
nirp_berchem_twcms_b9989 0 172378 8935 0 0 0 901 0 0 0 0 0
nirp_berchem_va_pc_2006bh7540 0 0 55379 45004 15398 8597 9159 0 0 0 0 0
nirp_berchem_va_pc_2006bh7542 0 24850 76030 12646 0 0 2577 2287 0 0 0 0
nirp_berchem_va_pc_2006bh7619 0 0 72068 82463 13142 0 0 0 0 0 0 0
nirp_berchem_va_pc_2006bh7747 0 0 49879 70081 27641 0 0 0 0 0 0 0
nirp_berchem_va_pc_2006bh7829 0 0 13982 58274 57169 0 0 0 0 0 0 0
nirp_berchem_va_pc_2006bh7869 0 23446 106010 48042 5893 0 0 0 0 0 0 0
nirp_berchem_va_pc_2007bn5322 0 0 60671 60680 37297 6798 0 0 0 0 0 0
nirp_berchem_va_pc_2007bn6050 0 0 27174 86698 38380 0 0 0 0 0 0 0
nirp_berchem_va_pc_2007bp0859 0 0 0 0 0 53863 28568 18608 8630 0 0 0
nirp_berchem_va_pc_2007bp0898 0 0 0 0 0 20400 38155 11424 16147 4233 0 0
nirp_berchem_va_pc_2007bp1122 0 39785 111791 15750 0 0 0 0 0 0 0 0
nirp_berchem_va_pc_2007bp1342 0 0 0 44999 93322 39929 0 0 0 0 0 0
nirp_botticelli_70_70 40114 101803 66036 0 0 0 0 0 0 0 0 0
nirp_botticelli_brm_bifa_43_10 40324 100525 27891 0 0 0 0 0 0 0 0 0
nirp_botticelli_k1659 8927 33229 86553 11955 24718 0 0 0 0 0 0 0
nirp_botticelli_twcms_f6124 0 109929 37040 15985 0 0 0 0 0 0 0 0
nirp_botticelli_twcms_g1941 55787 153217 0 0 0 0 0 0 0 0 0 0
nirp_botticelli_va_pc_2006aj4912 687 196214 8601 0 0 0 0 0 0 0 0 0
nirp_boudin_1_12 0 0 19639 0 0 12453 65274 53117 0 0 0 0
nirp_boudin_180 0 17297 196014 0 0 0 0 0 0 0 0 0
nirp_boudin_1977_653 0 0 7876 18221 15009 22999 35660 32374 0 0 0 0
nirp_boudin_1977_654 0 0 0 11470 4362 4598 13196 30009 26116 4794 0 0
nirp_boudin_2378 14689 180233 0 0 0 0 0 0 0 0 0 0
nirp_boudin_2379 0 0 52900 3956 0 0 20545 49251 0 0 0 0
nirp_boudin_2916 0 22148 51378 0 0 0 20166 14142 0 0 0 0
nirp_boudin_352 0 179451 59221 0 0 0 0 0 0 0 0 0
nirp_boudin_3605 0 5893 97967 14885 0 0 0 12190 0 0 0 0
nirp_boudin_ag002293 0 0 0 0 0 0 0 5610 131593 9196 0 0
nirp_boudin_ag002623 0 0 0 1448 4856 49755 121864 0 0 0 0 0
nirp_boudin_bermg_1424 64512 7494 0 0 0 0 0 0 0 27817 26471 33753
nirp_boudin_bermg_1425 0 0 14268 0 0 0 0 63470 0 7823 6209 2910
nirp_boudin_b-m-1043 18198 88967 27527 0 0 0 0 28390 0 0 0 0
nirp_boudin_b-m-689 0 22570 30691 48675 41016 10644 0 0 0 0 0 0
nirp_boudin_b-m-697 0 0 0 0 0 4989 184154 24066 0 0 0 0
nirp_boudin_brm_bifa_51_1 0 111907 0 0 0 0 0 79724 0 0 0 0
nirp_boudin_fa000268 0 41631 0 0 0 0 0 119445 0 0 0 0
nirp_boudin_gla_hag_43457 0 87823 39452 4756 0 0 12514 0 0 0 0 0
nirp_boudin_k2924 0 0 0 90496 81340 21088 0 0 0 0 0 0
nirp_boudin_k4001 0 0 107921 100543 0 0 0 0 0 0 0 0
nirp_boudin_kirmg_180 346 14717 0 0 0 0 0 0 94159 20651 663 0
nirp_boudin_l_f121_1981_0_0 0 8510 206919 0 0 0 0 0 0 0 0 0
nirp_boudin_ncm_1975_36 0 49110 0 0 0 0 142907 0 0 0 0 0
nirp_boudin_scag_4_1986 0 22669 155517 9717 0 0 0 0 0 0 0 0
nirp_boudin_scag_45 0 0 51076 39937 24706 18094 0 0 0 0 0 0
nirp_canaletto_1314 0 103004 18171 0 0 0 70786 0 0 0 0 0
nirp_canaletto_182 0 10351 89219 17219 3408 19228 4586 0 0 0 0 0
nirp_canaletto_1899_4 6383 48584 0 0 0 0 0 0 109949 0 0 0
nirp_canaletto_1982-32-1-b-m 0 57107 23267 0 0 0 107987 0 0 0 0 0
nirp_canaletto_1982-32-2-b-m 0 53053 6072 0 0 0 111968 0 0 0 0 0
nirp_canaletto_2359 15397 67290 0 0 0 0 107667 0 0 0 0 0
nirp_canaletto_2741 0 45793 25190 0 0 0 93245 0 0 0 0 0
nirp_canaletto_551 0 0 64241 38416 9581 0 0 0 0 0 3147 0
nirp_canaletto_767 0 23779 11110 0 0 0 7453 121177 0 0 0 0
nirp_canaletto_a450 3448 23925 0 0 0 0 19882 2412 4030 17402 6037 5842
nirp_canaletto_a451 8848 37662 0 0 0 0 0 25657 15838 0 0 0
nirp_canaletto_batvg_p_1935_11 0 157233 0 0 0 0 0 23632 0 0 0 0
nirp_canaletto_brm_bifa_54_1 0 40782 133392 0 0 0 0 0 580 0 0 0
nirp_canaletto_cp_tr_150 49341 0 0 0 0 0 0 0 76256 23260 3033 0
nirp_canaletto_gla_hag_43504 0 70484 11362 0 0 0 99273 0 0 0 0 0
nirp_canaletto_k5269 0 43048 22998 2954 0 0 91278 0 0 0 0 0
nirp_canaletto_k5270 0 46879 22695 21586 0 19650 33803 0 0 0 0 0
nirp_canaletto_killm_1994_1242 0 70135 68473 34535 18638 0 0 0 0 0 0 0
nirp_canaletto_ncm_1890_1206 0 111485 0 0 0 0 67680 0 0 0 0 0
nirp_canaletto_pd1989_14 19501 40049 0 0 0 813 83490 0 0 0 0 0
nirp_canaletto_skipm_2006_1_135 0 111644 71387 0 0 0 0 0 0 0 0 0
nirp_canaletto_skipm_2006_1_27 23719 82356 85667 0 0 0 0 0 0 0 0 0
nirp_canaletto_skipm_2006_1_28 0 54135 112491 36698 0 0 0 0 0 0 0 0
nirp_canaletto_som_hm_a263 0 50608 36167 0 0 0 0 0 13942 0 0 0
nirp_canaletto_souag_b42 0 117263 32132 14063 3271 0 0 0 0 0 0 0
nirp_canaletto_twcms_b4949 35319 86806 0 0 0 2057 17884 0 0 0 0 0
nirp_canaletto_twcms_c186 0 48079 40597 0 2811 10219 30333 0 0 0 0 0
nirp_canaletto_twcms_c7353 0 10832 39753 15487 19520 12338 40960 0 0 0 0 0
nirp_canaletto_twcms_c7370 0 73308 76903 38797 0 0 0 0 0 0 0 0
nirp_canaletto_va_pc_2006bh7594 0 94501 3414 0 0 0 56675 0 0 0 0 0
nirp_canaletto_va_pc_2007bn4503b 0 2532 84596 37794 12119 0 0 0 0 0 0 0
nirp_canaletto_va_pc_2007bn5794 0 0 61042 39160 0 0 0 0 0 0 10819 0
nirp_canaletto_va_pc_2007bn6092 0 0 16441 83218 0 0 0 18603 0 0 0 0
nirp_canaletto_watmc_2004_361 0 0 0 90377 69958 15790 0 0 0 0 0 0
nirp_caravaggio_1_32 0 216898 13221 0 0 0 0 0 0 0 0 0
nirp_caravaggio_1872_1_3 0 45276 93901 13390 0 0 0 0 0 0 0 0
nirp_caravaggio_1962_139_1 62472 0 0 0 0 0 0 38501 28085 0 0 7296
nirp_caravaggio_batvg_p_1919_5 6324 201888 0 0 0 0 0 0 0 0 0 0
nirp_caravaggio_b-m-818 28053 136554 29992 0 0 0 0 0 0 0 0 0
nirp_caravaggio_bolmg_1999_127 14492 43378 0 0 0 0 0 0 43399 19222 1453 0
nirp_caravaggio_som_hm_a224 38037 0 0 0 0 0 0 0 181483 0 0 0
nirp_caravaggio_stigm_8024 0 13389 0 0 0 0 0 19237 120084 0 0 0
nirp_carlevariis_mnemg_00_1873_37 0 0 0 0 0 34743 114429 0 0 0 0 0
nirp_carlevariis_mnemg_00_1873_38 0 0 0 0 0 19050 147119 7870 0 0 0 0
nirp_carlevariis_va_pc_2006be8919 0 2513 24855 41668 91658 0 0 0 0 0 0 0
nirp_carlevariis_va_pc_2006be8920 0 0 17008 50278 0 0 63625 36633 0 0 0 0
nirp_carlevariis_va_pc_2006be8921 0 0 0 0 211614 12608 0 0 0 0 0 0
nirp_carlevariis_va_pc_2006bh7385 143788 72114 0 0 0 0 0 0 0 0 0 0
nirp_carlevariis_va_pc_2006bh7386 63389 169352 0 0 0 0 0 0 0 0 0 0
nirp_carlevariis_va_pc_2006bh7387 0 88569 0 0 0 0 12778 80874 0 0 0 0
nirp_carlevariis_va_pc_2006bh7446 20378 107377 78622 0 0 0 0 0 0 0 0 0
nirp_carlevariis_va_pc_2006bh7447 73563 134495 9174 0 0 0 0 0 0 0 0 0
nirp_carlevariis_va_pc_2006bh7849 0 60637 27321 21793 37780 8869 0 0 0 0 0 0
nirp_carlevariis_va_pc_2006bh7851 3876 81667 0 0 0 0 69559 0 0 0 0 0
nirp_carlevariis_va_pc_2006bh7853 0 111983 12883 0 0 0 27990 0 0 0 0 0
nirp_carlevariis_va_pc_2006bh7854 0 60886 11728 0 0 5015 0 49541 0 0 0 0
nirp_carlevariis_va_pc_2006bh7855 0 87721 12629 0 0 20277 25971 0 0 0 0 0
nirp_carlevariis_va_pc_2006bh7856 0 0 74791 9322 0 0 0 0 18317 53721 0 0
nirp_carlevariis_va_pc_2006bh7857 0 71609 5129 0 0 13612 55050 0 0 0 0 0
nirp_carlevariis_va_pc_2007bn4167 0 0 0 0 0 0 1950 107828 7016 0 0 0
nirp_carlevariis_va_pc_2007bn4168 0 0 171080 43461 0 0 0 0 0 0 0 0
nirp_carlevariis_va_pc_2007bn4169 0 0 0 0 0 33608 154801 0 0 0 0 0
nirp_carlevariis_va_pc_2007bn4171 0 236101 2920 0 0 0 0 0 0 0 0 0
nirp_carlevariis_va_pc_2007bn4172 0 250775 0 0 0 0 0 0 0 0 0 0
nirp_carlevariis_va_pc_2007bn4173 283 223219 0 0 0 0 0 0 0 0 0 0
nirp_carlevariis_va_pc_2007bn4174 0 0 41594 120784 27080 0 0 0 0 0 0 0
nirp_carlevariis_va_pc_2007bn4175 150466 98100 0 0 0 0 0 0 0 0 0 0
nirp_carlevariis_va_pc_2007bn4176 0 193458 40134 0 0 0 0 0 0 0 0 0
nirp_carlevariis_va_pc_2007bn4177 11876 0 27026 139540 0 0 0 0 0 0 0 0
nirp_carlevariis_va_pc_2007bn4178 2673 0 0 21795 34045 18810 0 46790 0 0 0 0
nirp_carlevariis_va_pc_2007bn4179 0 192503 49265 0 0 0 0 0 0 0 0 0
nirp_carlevariis_va_pc_2007bn4180 0 242704 0 0 0 0 0 0 0 0 0 0
nirp_carlevariis_va_pc_2007bn4181 34927 210030 0 0 0 0 0 0 0 0 0 0
nirp_carlevariis_va_pc_2007bn4182 0 241094 0 0 0 0 0 0 0 0 0 0
nirp_carlevariis_va_pc_2007bn4183 100439 6136 0 0 0 25012 11614 0 0 0 0 0
nirp_carlevariis_va_pc_2007bn4184 0 254357 0 0 0 0 0 0 0 0 0 0
nirp_carlevariis_va_pc_2007bn4185 0 201237 2675 0 0 0 0 0 0 0 0 0
nirp_carlevariis_va_pc_2007bn4186 36070 4352 0 3748 56338 54690 0 0 0 0 0 0
nirp_carlevariis_va_pc_2007bn4187 42989 198255 0 0 0 0 0 0 0 0 0 0
nirp_carlevariis_va_pc_2007bn4188 0 248571 0 0 0 0 0 0 0 0 0 0
nirp_carlevariis_va_pc_2007bn4189 0 248068 0 0 0 0 0 0 0 0 0 0
nirp_carlevariis_va_pc_2007bn4190 0 0 0 0 19706 110360 10210 0 0 0 0 0
nirp_carlevariis_va_pc_2007bn4191 10270 235847 0 0 0 0 0 0 0 0 0 0
nirp_carlevariis_va_pc_2007bn4192 34226 206470 0 0 0 0 0 0 0 0 0 0
nirp_carlevariis_va_pc_2007bn5321 1214 44501 34278 56253 10429 0 0 0 0 0 0 0
nirp_carlevariis_va_pc_2007bp1515 165748 77589 0 0 0 0 0 0 0 0 0 0
nirp_carlevariis_va_pc_2007bp1516 77578 169650 0 0 0 0 0 0 0 0 0 0
nirp_carlevariis_va_pc_2007bp1517 0 0 0 3669 71616 105189 0 0 0 0 0 0
nirp_carlevariis_va_pc_2007bp1518 0 201215 0 0 0 0 0 0 0 0 0 0
nirp_carlevariis_va_pc_2007bp1519 0 0 0 0 1044 61651 72169 0 0 0 0 0
nirp_carlevariis_va_pc_2007bp1520 0 0 0 7829 58380 39582 21208 0 0 0 0 0
nirp_carlevariis_va_pc_2007bp2400 4517 242521 0 0 0 0 0 0 0 0 0 0
nirp_carlevariis_va_pc_2007bp2401 0 250614 0 0 0 0 0 0 0 0 0 0
nirp_cuyp_1_40 0 0 31548 128113 22868 0 0 0 0 0 0 0
nirp_cuyp_1899_1_39 4500 0 0 26129 0 39092 41922 11807 0 0 0 0
nirp_cuyp_1933p319 0 206115 17475 0 0 0 0 0 0 0 0 0
nirp_cuyp_1974_492 0 85485 119072 0 0 0 0 0 0 0 0 0
nirp_cuyp_31 34392 50456 46663 0 0 0 0 0 0 0 10960 18166
nirp_cuyp_49_246 0 0 0 0 0 0 0 53891 125471 0 0 0
nirp_cuyp_70 0 56116 139753 0 0 0 0 0 0 0 0 0
nirp_cuyp_a1_120 49709 56143 0 0 0 16435 22361 0 0 0 0 0
nirp_cuyp_a1918 23653 206879 0 0 0 0 0 0 0 0 0 0
nirp_cuyp_a466 0 61772 77380 0 0 0 0 0 38671 0 0 0
nirp_cuyp_brm_bifa_59_5 94711 0 0 0 0 0 0 0 0 6184 19113 56144
nirp_cuyp_eu_727 0 73888 134170 0 0 0 0 0 0 0 0 0
nirp_cuyp_fa001097 0 29385 83176 3392 0 0 0 8792 0 0 0 0
nirp_cuyp_mnemg_bentlif_64_1897_112 0 4533 8058 7072 11921 24148 5836 19225 0 0 0 0
nirp_cuyp_som_hm_a245 138816 90843 0 0 0 0 0 0 0 0 0 0
nirp_cuyp_som_hm_a55 31170 204148 0 0 0 0 0 0 0 0 0 0
nirp_cuyp_som_hm_a85 29359 13454 0 0 0 0 13323 76167 0 0 0 0
nirp_cuyp_twcms_b6247 0 193004 40377 0 0 0 0 0 0 0 0 0
nirp_cuyp_twcms_b8409 0 0 0 0 50433 103885 38314 0 0 0 0 0
nirp_cuyp_va_pc_2006bh7783 0 0 96298 42386 21709 0 0 0 0 0 0 0
nirp_daubigny_1141 0 168150 71732 0 0 0 0 0 0 0 0 0
nirp_daubigny_1962p6 0 205226 18136 0 0 0 0 0 0 0 0 0
nirp_daubigny_2136 0 30774 190643 0 0 0 0 0 0 0 0 0
nirp_daubigny_2137 4809 121293 12354 0 0 0 0 0 13589 0 0 0
nirp_daubigny_332 0 46778 195704 0 0 0 0 0 0 0 0 0
nirp_daubigny_a1_241 0 0 3529 0 0 77773 73630 0 0 0 0 0
nirp_daubigny_ag003149 0 0 33388 23548 1060 0 0 0 38693 0 0 0
nirp_daubigny_bermg_1431 32787 42096 0 0 0 0 9415 75098 0 0 0 0
nirp_daubigny_brm_bifa_72_1 0 236720 0 0 0 0 0 0 0 0 0 0
nirp_daubigny_nwhcm_1949_136_f 9074 146728 0 0 0 0 0 0 0 0 0 0
nirp_daubigny_po_131 0 0 30051 59512 91117 0 0 0 0 0 0 0
nirp_daubigny_po_136 0 0 0 0 0 0 19706 86780 24760 0 0 0
nirp_daubigny_scag_14_1967 0 0 59820 33841 10825 29657 29628 0 0 0 0 0
nirp_delacroix_1873 0 0 6875 39461 71034 24020 2361 0 0 0 0 0
nirp_delacroix_1963p32 0 235962 0 0 0 0 0 0 0 0 0 0
nirp_delacroix_brm_bifa_53_1 4154 223248 0 0 0 0 0 0 0 0 0 0
nirp_delacroix_brm_bifa_62_1 0 225528 0 0 0 0 0 0 0 0 0 0
nirp_delacroix_k2873 0 194338 43422 0 0 0 0 0 0 0 0 0
nirp_delacroix_ncm_1980_195 0 52273 106436 0 0 0 0 0 0 0 0 0
nirp_delacroix_souag_b47 0 136349 41150 0 0 0 0 0 0 0 0 0
nirp_delacroix_va_pc_2006ag3572 7868 117241 53581 0 0 0 0 0 0 0 0 0
nirp_delacroix_va_pc_2006ag4483 0 67888 69542 49081 0 0 0 0 0 0 0 0
nirp_diaz_1114 37764 107620 56120 0 0 0 0 0 0 0 0 0
nirp_diaz_1117 0 6008 192352 0 0 0 0 0 0 0 0 0
nirp_diaz_1159 19584 105546 1919 0 0 0 0 0 43212 0 0 0
nirp_diaz_1_44 74756 147700 0 0 0 0 0 0 0 0 0 0
nirp_diaz_1939p642 0 229776 0 0 0 0 0 0 0 0 0 0
nirp_diaz_839 0 74376 145019 0 0 0 0 0 0 0 0 0
nirp_diaz_art00315 0 52939 172088 0 0 0 0 0 0 0 0 0
nirp_diaz_cp_tr141 5731 0 0 0 0 0 0 0 69222 62462 9567 1920
nirp_diaz_fa000722 0 0 42502 21478 19140 29877 27918 0 0 0 0 0
nirp_diaz_gr_39 0 0 0 0 0 0 10899 124064 9193 0 0 0
nirp_diaz_l_f7_1938_0_0 0 37712 110156 47973 0 0 0 0 0 0 0 0
nirp_diaz_po_138 0 0 0 3093 3338 20833 14349 26420 10247 0 0 0
nirp_diaz_stigm_8147 0 199925 30742 0 0 0 0 0 0 0 0 0
nirp_diaz_va_pc_2006ag3573 0 7960 38041 40115 10082 0 16170 0 0 0 0 0
nirp_diaz_va_pc_2006bh7518 0 0 17510 100758 27410 7142 0 0 0 0 0 0
nirp_diaz_va_pc_2006bh7591 0 15256 49234 37715 25338 13433 0 0 0 0 0 0
nirp_diaz_va_pc_2007bp0704 0 0 28224 85486 57892 0 0 0 0 0 0 0
nirp_dughet_1951p104 0 80182 35459 0 0 0 0 64945 0 0 0 0
nirp_dughet_596 0 0 37722 33165 12239 4797 0 8208 32447 0 0 0
nirp_dughet_a1_209 0 0 0 0 0 0 4538 52006 98605 0 0 0
nirp_dughet_bikgm_1277 36844 106735 0 0 0 0 35150 0 0 0 0 0
nirp_dughet_b-m-595 0 165715 16717 0 0 0 0 0 0 0 0 0
nirp_dughet_b-m-791 76619 66296 0 0 0 0 0 25229 0 0 0 0
nirp_dughet_bolmg_1898_3 0 0 218446 12206 0 0 0 0 0 0 0 0
nirp_dughet_bolmg_1940_4_4 0 0 2902 48944 40690 25277 30339 0 0 0 0 0
nirp_dughet_brm_bifa_69_8 0 46177 98672 4492 0 0 0 0 0 0 0 0
nirp_dughet_cp_tr372 72714 164157 0 0 0 0 0 0 0 0 0 0
nirp_dughet_eu_728 11259 98449 54979 0 0 0 0 0 0 0 0 0
nirp_dughet_fa000265 0 0 0 0 5065 10803 57754 54636 0 0 0 0
nirp_dughet_fa000266 0 0 21011 10892 0 0 13122 65960 0 0 0 0
nirp_dughet_harag_338 0 9513 28692 0 0 0 0 87455 11284 0 0 0
nirp_dughet_lcnug_1927_2251 0 57422 25800 18017 0 0 49331 0 0 0 0 0
nirp_dughet_lcnug_1927_2252 0 33656 45394 20910 0 0 40399 0 0 0 0 0
nirp_dughet_mnemg_00_1873_16 0 0 0 0 0 6738 141097 26496 0 0 0 0
nirp_dughet_o-79 48981 51119 0 0 0 0 0 36760 4814 0 0 0
nirp_dughet_op_0026 7372 109896 72780 0 0 0 0 0 0 0 0 0
nirp_dughet_scag_1_1959 8974 82000 94028 0 0 0 0 0 0 0 0 0
nirp_dughet_scag_1490 2746 109745 50962 0 0 0 0 0 0 0 0 0
nirp_dughet_som_hm_a225 7133 166759 45491 0 0 0 0 0 0 0 0 0
nirp_dughet_stigm_8148 0 69257 154791 0 0 0 0 0 0 0 0 0
nirp_dughet_stopm_kx_23 0 19697 102556 72915 0 0 0 0 0 0 0 0
nirp_dughet_stopm_kx_24 0 238712 0 0 0 0 0 0 0 0 0 0
nirp_dughet_stopm_kx_25 382 0 0 20079 14430 17722 0 5854 0 0 0 0
nirp_dughet_stopm_kx_26 0 0 7136 18054 49827 6615 3888 664 0 0 0 0
nirp_dughet_va_pc_2006bb5069 0 0 139346 63089 86 0 0 0 0 0 0 0
nirp_dughet_va_pc_2006bh7840 0 5640 55083 24906 16396 12429 13138 0 0 0 0 0
nirp_dughet_watmc_2004_162 0 25598 128296 0 0 0 0 0 0 0 0 0
nirp_dujardin_1_111a 0 230965 0 0 0 0 0 0 0 0 0 0
nirp_dujardin_34_13 0 119907 112170 0 0 0 0 0 0 0 0 0
nirp_dujardin_brm_bifa_67_2 0 45992 13840 0 0 8715 60788 0 0 0 0 0
nirp_dujardin_eu_719 0 158092 51857 0 0 0 0 0 0 0 0 0
nirp_dujardin_eu_720 0 210296 0 0 0 0 0 0 0 0 0 0
nirp_dujardin_fa000869 38186 174666 4703 0 0 0 0 0 0 0 0 0
nirp_dujardin_gla_hag_43738 0 222850 6805 0 0 0 0 0 0 0 0 0
nirp_dujardin_l_f201_1975_0_0 74392 38535 64895 2264 0 0 0 0 0 0 0 0
nirp_dujardin_som_hm_a116 5467 144356 25789 0 0 0 0 0 0 0 0 0
nirp_dujardin_som_hm_a129 0 158903 64160 0 0 0 0 0 0 0 0 0
nirp_dujardin_som_hm_a209 6234 65401 0 0 0 0 0 99856 0 0 0 0
nirp_dujardin_souag_b34 0 3255 198842 5812 0 0 0 0 0 0 0 0
nirp_dujardin_va_pc_2006bh7511 0 0 60554 53424 35042 155 427 0 0 0 0 0
nirp_dujardin_wm_1573_1948 40758 121660 0 0 0 0 0 19848 0 0 0 0
nirp_gauguin_2465 26272 82832 80607 0 0 0 0 0 0 0 0 0
nirp_gauguin_brm_bifa_48_12 0 83676 90563 0 0 0 0 0 0 0 0 0
nirp_gauguin_brm_bifa_49_9 0 112322 64583 0 3501 0 0 0 0 0 0 0
nirp_gauguin_twcms_c643 0 45569 59541 41315 10 0 0 0 0 0 0 0
nirp_goya_1973-88-b-m 26997 113365 0 0 0 0 0 23153 0 0 0 0
nirp_goya_b-m-14 18087 225519 0 0 0 0 0 0 0 0 0 0
nirp_goya_b-m-26 38781 30920 46042 48355 0 0 0 0 0 0 0 0
nirp_goya_b-m-29 11577 18682 0 0 0 0 0 90032 40315 0 0 0
nirp_goya_brm_bifa_40_5 0 153252 41428 0 0 0 0 0 0 0 0 0
nirp_goya_pc_24 0 87083 52454 0 0 0 0 27461 2219 0 0 0
nirp_goya_pc_27 0 72041 22564 0 0 0 0 53564 0 0 0 0
nirp_goya_wm_1566_1948 128279 84682 0 0 0 0 0 0 0 0 0 0
nirp_greco_b-m-642 12019 18179 53036 0 0 0 53902 0 0 0 0 0
nirp_greco_hhtp_2001_1_10 60795 181660 0 0 0 0 0 0 0 0 0 0
nirp_greco_pc_17 25803 56839 0 0 0 0 0 2065 53558 0 0 0
nirp_greco_pc_18 0 18126 36998 0 0 0 6267 12709 8562 0 0 0
nirp_hondecoeter_1899_1_41 0 157239 34078 0 0 0 0 0 0 0 0 0
nirp_hondecoeter_1900-1 0 0 0 2341 145876 46106 0 0 0 0 0 0
nirp_hondecoeter_190_1912 17637 46638 0 0 0 0 0 46796 9405 0 0 0
nirp_hondecoeter_1904-90 4249 221487 0 0 0 0 0 0 0 0 0 0
nirp_hondecoeter_1939-1 0 217009 9758 0 0 0 0 0 0 0 0 0
nirp_hondecoeter_26_1912 70942 5615 0 0 0 0 0 0 3554 11276 2170 40174
nirp_hondecoeter_b-m-904 111568 114426 0 0 0 0 0 0 0 0 0 0
nirp_hondecoeter_brm_bifa_2001_2 0 143927 25869 3247 17027 0 0 0 0 0 0 0
nirp_hondecoeter_twcms_b8426 0 119255 101922 0 0 0 0 0 0 0 0 0
nirp_hondecoeter_twcms_g1189 2665 200482 3423 0 0 0 0 0 0 0 0 0
nirp_kauffmann_1956_88 129694 105440 0 0 0 0 0 0 0 0 0 0
nirp_kauffmann_1956_89 112181 102963 0 0 0 0 0 0 0 0 0 0
nirp_kauffmann_1956_90 0 233330 0 0 0 0 0 0 0 0 0 0
nirp_kauffmann_1956_91 78707 100508 0 0 0 0 0 0 0 0 0 0
nirp_kauffmann_1966_029 0 48035 67426 12418 0 0 9650 0 0 0 0 0
nirp_kauffmann_44s 97666 62899 0 0 0 0 0 0 0 0 0 29634
nirp_kauffmann_bsems__1992_9_348 8551 65776 23368 0 2451 28758 0 0 0 0 0 0
nirp_kauffmann_bsems__1992_9_349 107634 112614 0 0 0 0 0 0 0 0 0 0
nirp_kauffmann_fa000123 0 64001 906 0 0 0 0 67383 19421 0 0 0
nirp_kauffmann_fah1975_32 70404 13389 0 0 0 0 0 47294 20367 0 0 0
nirp_kauffmann_fah1975_33 3431 52982 25200 0 0 3744 9544 5934 0 0 0 0
nirp_kauffmann_lducs_pc5559 0 5228 3516 0 0 0 89236 35714 0 0 0 0
nirp_kauffmann_op197 45311 143780 20262 0 0 0 0 0 0 0 0 0
nirp_kauffmann_op531 83038 150916 0 0 0 0 0 0 0 0 0 0
nirp_kauffmann_som_hm_a240 60201 12736 0 0 0 0 0 0 1084 15958 23880 28641
nirp_kauffmann_strpg_1993_3 0 17969 7126 36800 93121 0 0 0 0 0 0 0
nirp_kauffmann_va_pc_2006aj4611 0 45164 52145 8638 7615 5834 0 0 0 0 0 0
nirp_kauffmann_va_pc_2006an1773 63281 145116 0 0 0 0 0 0 0 0 0 0
nirp_kauffmann_va_pc_2006av2480 0 43536 0 0 0 0 0 0 116388 28156 0 0
nirp_kauffmann_va_pc_2006bh7496 7682 25735 65500 3098 0 9853 18072 0 0 0 0 0
nirp_kauffmann_va_pc_2007bl4113 59610 182715 0 0 0 0 0 0 0 0 0 0
nirp_kauffmann_va_pc_2007bm9016 41219 200662 0 0 0 0 0 0 0 0 0 0
nirp_latour_15_1990 5938 0 0 0 0 0 0 86390 56267 1285 0 0
nirp_latour_164 22911 4833 182575 0 0 0 0 0 0 0 0 0
nirp_latour_179 4427 66419 110473 307 0 0 0 0 0 0 0 0
nirp_latour_1906_003 4849 83310 48010 0 0 0 846 0 0 0 0 0
nirp_latour_1939p673 2677 49499 5719 0 0 0 0 50654 26062 0 0 0
nirp_latour_1956p5 0 68818 170580 0 0 0 0 0 0 0 0 0
nirp_latour_1958p15 17251 103769 92756 0 0 0 0 0 0 0 0 0
nirp_latour_2138 0 212099 16424 0 0 0 0 0 0 0 0 0
nirp_latour_2139 4488 226487 0 0 0 0 0 0 0 0 0 0
nirp_latour_2386 7839 229218 0 0 0 0 0 0 0 0 0 0
nirp_latour_2387 51600 87073 4946 0 0 0 0 0 0 0 0 0
nirp_latour_2917 1934 153661 46322 0 0 0 0 0 0 0 0 0
nirp_latour_3_55_4 0 0 133668 60363 0 0 0 0 0 0 0 0
nirp_latour_ag002274 0 0 0 48914 41008 50508 20498 0 0 0 0 0
nirp_latour_ag002546 10519 0 0 0 2746 74131 22661 0 0 0 0 0
nirp_latour_bermg_1436 57247 0 0 0 0 0 0 0 13766 58142 1730 20638
nirp_latour_b-m-514 119171 19721 0 0 0 0 0 0 0 2336 13660 0
nirp_latour_buygm_0270_1915 0 9411 51308 107553 24426 0 0 0 0 0 0 0
nirp_latour_calmg_1949_125_55 0 0 0 0 93386 83188 0 0 0 0 0 0
nirp_latour_deavm_1998_3a 0 0 60443 113763 4594 0 0 0 0 0 0 0
nirp_latour_deavm_1998_3b 0 0 81489 67125 15780 0 0 0 0 0 0 0
nirp_latour_gla_hag_43528 13019 223443 0 0 0 0 0 0 0 0 0 0
nirp_latour_kirmg_182 51287 181934 0 0 0 0 0 0 0 0 0 0
nirp_latour_scag_2_1973 13376 209552 1415 0 0 0 0 0 0 0 0 0
nirp_latour_scag_336 0 111104 100725 0 0 0 0 0 0 0 0 0
nirp_latour_va_pc_2006ag8463 0 217072 11071 0 0 0 0 0 0 0 0 0
nirp_latour_va_pc_2006an5839 0 0 0 0 0 0 0 0 95217 90187 0 0
nirp_latour_va_pc_2006an5840 20120 0 31537 35901 0 10009 0 1760 5311 0 0 0
nirp_latour_va_pc_2006bc1385 0 182803 38857 0 0 0 0 0 0 0 0 0
nirp_latour_va_pc_2006bf4681 44328 169588 7928 0 0 0 0 0 0 0 0 0
nirp_latour_va_pc_2007bn1682 0 0 43201 115386 6386 0 0 0 0 0 0 0
nirp_loutherbourg_03_1375 90515 100662 6351 0 0 0 0 0 0 0 0 0
nirp_loutherbourg_140_1967_4 12198 66963 31772 0 0 0 0 0 4690 0 0 0
nirp_loutherbourg_1899_6 0 114712 77152 3566 0 0 0 0 0 0 0 0
nirp_loutherbourg_1920p682 0 156874 48323 0 0 0 0 0 0 0 0 0
nirp_loutherbourg_1982p44 0 238266 0 0 0 0 0 0 0 0 0 0
nirp_loutherbourg_1982p45 7795 217982 0 0 0 0 0 0 0 0 0 0
nirp_loutherbourg_batvg_p_1929_203 0 63141 127638 0 0 0 0 0 0 0 0 0
nirp_loutherbourg_k264 0 101291 53313 0 0 0 0 0 0 0 0 0
nirp_loutherbourg_l_f4_1882_0_0 0 0 0 33567 144866 20178 0 0 0 0 0 0
nirp_loutherbourg_l_f755_1977_0_0 0 0 19435 105950 43205 0 0 0 0 0 0 0
nirp_loutherbourg_mm019 11853 0 0 0 0 0 152716 5429 0 0 0 0
nirp_loutherbourg_ncm_1904_46 0 0 46892 50895 16281 1594 4556 0 0 0 0 0
nirp_loutherbourg_scag_1367 0 100417 55080 16713 11462 0 0 0 0 0 0 0
nirp_loutherbourg_souag_b108 16358 70970 88667 6253 0 0 0 0 0 0 0 0
nirp_loutherbourg_strpg_1993_68 0 0 145702 29591 0 0 0 0 0 0 0 0
nirp_loutherbourg_twcms_b4233 0 107821 89925 0 0 0 0 0 0 0 0 0
nirp_loutherbourg_wisfm_1938_25_33 0 0 7824 24039 30915 29931 8628 1018 0 0 0 0
nirp_miereveld_1285 122652 44604 0 0 0 0 1928 0 0 0 0 0
nirp_miereveld_466_1997 0 27739 47954 21601 9321 21496 0 0 0 0 0 0
nirp_miereveld_cp_tr_231 45626 0 0 0 0 0 0 0 5409 70276 1090 35916
nirp_miereveld_eu_212 0 186143 48467 0 0 0 0 0 0 0 0 0
nirp_miereveld_eu_938 44215 188755 0 0 0 0 0 0 0 0 0 0
nirp_miereveld_mnemg_00_117 0 0 0 0 0 15657 121834 56821 0 0 0 0
nirp_miereveld_mnemg_00_1855_97 0 0 0 0 0 0 13857 105730 43455 0 0 0
nirp_miereveld_pc_74 0 3063 51326 87505 8697 1210 0 0 0 0 0 0
nirp_miereveld_redmg_1931_289_1 112975 47697 6619 0 0 0 0 0 0 0 0 0
nirp_miereveld_som_hm_a233 0 211922 10445 0 0 0 0 0 0 0 0 0
nirp_miereveld_som_hm_a91 24387 145050 8457 0 0 0 0 0 0 0 0 12929
nirp_miereveld_som_hm_a9 4690 153257 0 0 0 0 0 0 0 0 0 37609
nirp_molenaer_1_154 32155 207173 0 0 0 0 0 0 0 0 0 0
nirp_molenaer_1904-120 0 61062 124057 12228 0 0 0 0 0 0 0 0
nirp_molenaer_1904-93 0 159548 68305 0 0 0 0 0 0 0 0 0
nirp_molenaer_757 4802 35769 35490 0 0 0 1161 42620 0 0 0 0
nirp_molenaer_batvg_p_1946_61 8124 219241 0 0 0 0 0 0 0 0 0 0
nirp_molenaer_bikgm_2898 23853 81840 0 0 0 0 53135 0 0 0 0 0
nirp_molenaer_b-m-199 12602 86916 40030 0 0 28231 0 0 0 0 0 0
nirp_molenaer_fa000524 5443 109664 45166 12301 0 0 0 0 0 0 0 0
nirp_molenaer_mnemg_bentlif_39_1897_33 0 0 0 0 0 15752 117602 30455 0 0 0 0
nirp_molenaer_souag_b35 0 0 0 52446 114617 9637 0 0 0 0 0 0
nirp_molenaer_va_pc_2006bc5951 0 0 4353 37909 50446 11320 6530 0 0 0 0 0
nirp_molenaer_watmc_2004_512 0 0 0 0 0 9023 52430 74045 0 0 0 0
nirp_monnoyer_1906_9 257585 0 0 0 0 0 0 0 0 0 0 0
nirp_monnoyer_1953_162 105969 34466 12386 22218 0 0 0 0 0 0 0 0
nirp_monnoyer_1960_010 2882 53548 39298 21470 0 20929 0 0 0 0 0 0
nirp_monnoyer_253 50602 55637 54542 0 0 0 0 2936 0 0 0 0
nirp_monnoyer_299 0 97649 44737 1144 11992 0 0 0 0 0 0 0
nirp_monnoyer_68 8601 201279 9691 0 0 0 0 0 0 0 0 0
nirp_monnoyer_88003019 213908 25454 0 0 0 0 0 0 0 0 0 0
nirp_monnoyer_b-m-334 67441 19695 8596 0 0 2282 3749 3740 0 0 0 0
nirp_monnoyer_b-m-358 86937 50847 0 0 0 0 0 0 0 0 0 8002
nirp_monnoyer_b-m-769 55177 0 0 0 0 0 0 5283 24426 15927 8652 24014
nirp_monnoyer_b-m-770 122846 0 0 0 0 0 0 0 0 0 1677 25965
nirp_monnoyer_fa000154 0 34194 0 0 0 0 0 40177 59139 0 0 0
nirp_monnoyer_k1349 0 171437 49607 0 0 0 0 0 0 0 0 0
nirp_monnoyer_mnemg_bentlif_40_1897_90 17858 155066 50164 0 0 0 0 0 0 0 0 0
nirp_monnoyer_ncm_1941_13 56453 170861 0 0 0 0 0 0 0 0 0 0
nirp_monnoyer_ncm_1990_04 80493 53443 51319 0 0 0 0 0 0 0 0 0
nirp_monnoyer_p45 178029 69214 0 0 0 0 0 0 0 0 0 0
nirp_monnoyer_po_118 59604 160677 0 0 0 0 0 0 0 0 0 0
nirp_monnoyer_stkmg_fa_1980_fa_30 14949 173398 22396 0 0 0 0 0 0 0 0 0
nirp_monticelli_1135 0 4309 12826 18159 24467 83057 0 0 0 0 0 0
nirp_monticelli_1_156 0 137757 91314 0 0 0 0 0 0 0 0 0
nirp_monticelli_1236 0 150034 75542 0 0 0 0 0 0 0 0 0
nirp_monticelli_2141 7683 207348 1578 0 0 0 0 0 0 0 0 0
nirp_monticelli_2142 7165 142916 74794 0 0 0 0 0 0 0 0 0
nirp_monticelli_293 48090 79059 56445 0 0 0 0 0 0 0 0 0
nirp_monticelli_300 0 114370 105252 0 0 0 0 0 0 0 0 0
nirp_monticelli_5294 0 89428 29234 6437 0 2238 0 0 0 0 0 0
nirp_monticelli_57 1981 119983 83728 0 0 0 0 0 0 0 0 0
nirp_monticelli_939 0 215515 11764 0 0 0 0 0 0 0 0 0
nirp_monticelli_bermg_1454 142426 91314 0 0 0 0 0 0 0 0 0 0
nirp_monticelli_b-m-391 0 2429 86242 7407 0 4884 34863 0 0 0 0 0
nirp_monticelli_b-m-668 22171 214947 0 0 0 0 0 0 0 0 0 0
nirp_monticelli_b-m-669 0 194057 12573 0 0 0 0 0 0 0 0 0
nirp_monticelli_calmg_1949_125_47 19575 148999 15573 0 0 0 0 0 0 0 0 0
nirp_monticelli_calmg_1949_125_48 65341 45447 32591 27408 0 0 0 0 0 0 0 0
nirp_monticelli_fa000286 1311 21484 37014 27729 14423 0 0 0 0 0 0 0
nirp_monticelli_l_f105_1963_0_0 0 138145 44901 0 0 0 0 0 0 0 0 0
nirp_murillo_1974_787 0 44242 0 0 0 10805 111312 0 0 0 0 0
nirp_murillo_1974p24 82819 77047 0 0 0 0 0 0 0 0 0 20670
nirp_murillo_205_35 43824 184124 0 0 0 0 0 0 0 0 0 0
nirp_murillo_73 51005 57501 15055 0 0 0 6928 13106 0 0 0 0
nirp_murillo_88003074 82078 74503 0 0 0 0 0 0 0 0 0 0
nirp_murillo_a1_7 0 77658 39250 0 914 35516 0 0 0 0 0 0
nirp_murillo_a367 29788 200606 0 0 0 0 0 0 0 0 0 0
nirp_murillo_bikgm_3022 0 211378 1375 0 0 0 0 0 0 0 0 0
nirp_murillo_b-m-33 0 6049 123049 52496 869 0 0 0 0 0 0 0
nirp_murillo_b-m-633 16155 228849 0 0 0 0 0 0 0 0 0 0
nirp_murillo_b-m-67 33400 52131 101929 0 0 0 0 0 0 0 0 0
nirp_murillo_b-m-918 0 225311 0 0 0 0 0 0 0 0 0 0
nirp_murillo_brm_bifa_47_9 0 73971 16627 2634 10509 23291 10776 0 0 0 0 0
nirp_murillo_buygm_nn 0 123505 115135 0 0 0 0 0 0 0 0 0
nirp_murillo_eu_540 76909 164540 0 0 0 0 0 0 0 0 0 0
nirp_murillo_eu_541 62675 181695 0 0 0 0 0 0 0 0 0 0
nirp_murillo_gla_hag_43771 0 272 101858 98709 0 0 0 0 0 0 0 0
nirp_murillo_l_f25_1949_0_0 0 209730 8720 0 0 0 0 0 0 0 0 0
nirp_murillo_l_f8_1950_0_0 20839 208778 0 0 0 0 0 0 0 0 0 0
nirp_murillo_ma_514 17862 47721 46161 0 0 48995 1627 0 0 0 0 0
nirp_murillo_mnemg_00_1881_109 0 0 0 0 0 0 20618 156292 0 0 0 0
nirp_murillo_p45_76 0 157425 58262 0 0 0 0 0 0 0 0 0
nirp_murillo_pc_23 0 96470 79824 0 0 0 0 0 0 0 0 0
nirp_murillo_pc_32 0 226658 0 0 0 0 0 0 0 0 0 0
nirp_murillo_pc_63 0 27638 65233 0 0 0 0 0 43177 0 0 0
nirp_murillo_pc_9 0 26840 100771 75733 0 0 0 0 0 0 0 0
nirp_murillo_rocdg_1218 0 0 0 413 0 0 21461 68923 46891 0 0 0
nirp_murillo_rocdg_1232 0 0 163642 23900 0 0 0 0 0 0 0 0
nirp_murillo_souag_s10 2955 84360 3223 0 36279 0 0 0 0 0 0 0
nirp_murillo_truri_1000_109 0 101936 99461 9297 0 0 0 0 0 0 0 0
nirp_murillo_twcms_c10034 0 113081 53425 3009 0 0 0 0 0 0 0 0
nirp_murillo_twcms_g547 0 244789 0 0 0 0 0 0 0 0 0 0
nirp_murillo_va_pc_2007bp0623 0 98822 74371 0 0 0 0 0 0 0 0 0
nirp_murillo_va_pc_2007bp1065 0 0 149975 48754 0 0 0 0 0 0 0 0
nirp_murillo_va_pc_2007bp3943 0 0 0 0 0 14797 50697 61867 2295 0 0 0
nirp_murillo_wm_1546_1948 0 85083 41394 0 0 0 0 35254 0 0 0 0
nirp_murillo_wm_1605_1948 42109 92690 0 0 0 0 0 0 0 0 0 4482
nirp_murillo_wm_1652_1948 84470 131517 0 0 0 0 0 0 0 0 0 0
nirp_panini_1952_3_1 0 0 0 81180 92838 5276 0 0 0 0 0 0
nirp_panini_2128_1 31520 0 0 0 0 0 10161 76465 0 0 0 8463
nirp_panini_2128_2 4180 46346 16133 0 0 21190 37081 0 0 0 0 0
nirp_panini_42s 87572 61048 0 0 0 0 0 0 0 0 0 2085
nirp_panini_53s 60727 66596 0 0 0 0 0 0 0 0 0 7737
nirp_panini_88029434 0 94184 55157 5894 0 0 0 0 0 0 0 0
nirp_panini_88029435 0 64392 75856 0 0 0 0 0 0 0 0 0
nirp_panini_88029489 0 182483 34523 0 0 0 0 0 0 0 0 0
nirp_panini_88029490 43210 172926 0 0 0 0 0 0 0 0 0 0
nirp_panini_b-m-84 103198 74393 0 0 0 0 0 0 0 0 0 0
nirp_panini_eu_994 28471 158098 0 0 0 0 0 0 0 0 0 0
nirp_panini_eu_995 52311 120189 0 0 0 0 0 10703 0 0 0 0
nirp_panini_fah1934_59 0 12509 0 0 0 0 14078 116564 0 0 0 0
nirp_panini_hag_181 0 0 0 0 51868 52904 22362 0 0 0 0 0
nirp_panini_hasmg_923_20 0 6301 71819 28692 11295 2095 0 2541 0 0 0 0
nirp_panini_letmg_1995_9 0 209265 18298 0 0 0 0 0 0 0 0 0
nirp_panini_mnemg_00_1873_10 0 8766 0 0 1332 121411 20319 0 0 0 0 0
nirp_panini_mnemg_00_1873_11 0 84916 101836 0 2629 0 0 0 0 0 0 0
nirp_panini_mnemg_00_1873_4 0 14217 36088 0 0 9002 36713 0 7890 0 0 0
nirp_panini_mnemg_00_1873_5 0 0 0 2523 4414 41658 71865 11151 0 0 0 0
nirp_panini_mnemg_bentlif_43_1897_7 6372 116242 47488 14281 0 0 0 0 0 0 0 0
nirp_panini_mnemg_bentlif_44_1897_2 0 113882 71666 18451 0 0 0 0 0 0 0 0
nirp_panini_nt1984_022 0 48681 81536 4619 0 2731 8792 0 0 0 0 0
nirp_panini_p649 6387 33867 45822 11390 2240 2167 0 0 0 0 0 0
nirp_panini_p650 78574 74346 20099 0 0 0 0 0 0 0 0 0
nirp_panini_som_hm_a69 160014 37225 0 0 0 0 0 0 0 0 0 0
nirp_panini_som_hm_a70 139143 69977 0 0 0 0 0 0 0 0 0 0
nirp_panini_souag_b121 4406 33248 76298 18545 12607 0 0 0 0 0 0 0
nirp_panini_stopm_kx_38 0 0 0 0 0 17662 115790 22120 0 0 0 0
nirp_panini_twcms_c11830 6526 121733 58594 0 0 0 0 0 0 0 0 0
nirp_panini_twcms_c11831 7434 180325 8404 0 0 0 0 0 0 0 0 0
nirp_panini_twcms_c168 0 124780 7547 0 3070 24325 0 0 0 0 0 0
nirp_panini_twcms_c199 0 133290 98534 0 0 0 0 0 0 0 0 0
nirp_panini_twcms_c7385 0 93849 58711 0 0 0 4271 1050 0 0 0 0
nirp_panini_va_pc_2006ak0782 0 105151 57846 0 0 0 0 4239 0 0 0 0
nirp_panini_wm_1502_1948 74580 85847 0 0 0 0 0 6037 4739 0 0 0
nirp_panini_wm_1505_1948 41812 170529 0 0 0 0 0 0 0 0 0 0
nirp_panini_wm_1641_1948 33881 135573 0 0 0 0 0 13082 0 0 0 0
nirp_pissarro_03_255 0 205936 11228 0 0 0 0 0 0 0 0 0
nirp_pissarro_2002_78_8 0 45989 102354 20021 0 0 0 0 0 0 0 0
nirp_pissarro_2811 0 1487 13532 0 0 0 0 16370 123248 0 0 0
nirp_pissarro_2934 0 42058 171509 0 0 0 0 0 0 0 0 0
nirp_pissarro_765 0 1067 8566 22398 29225 38811 16069 0 0 0 0 0
nirp_pissarro_brm_bifa_55_16 0 10819 85695 31982 4612 6932 0 0 0 0 0 0
nirp_pissarro_gla_hag_43778 0 200578 9949 0 0 0 0 0 0 0 0 0
nirp_pissarro_k4126 0 7504 77065 49734 16203 0 0 0 0 0 0 0
nirp_pissarro_l_f122_1981_0_0 0 0 56581 76067 34452 4091 0 0 0 0 0 0
nirp_pissarro_scag_461 0 0 0 19619 43349 24682 24252 9345 0 0 0 0
nirp_poussin_1923_041 0 0 28498 28115 23151 15396 24258 15894 0 0 0 0
nirp_poussin_1933p77 9173 179443 0 0 0 0 0 6877 0 0 0 0
nirp_poussin_1957_8_44 0 235379 0 0 0 0 0 0 0 0 0 0
nirp_poussin_1974_684 31769 152770 19184 0 0 0 0 0 0 0 0 0
nirp_poussin_222 0 28367 53794 18697 0 0 0 51509 0 0 0 0
nirp_poussin_blkmg_p444 13628 123729 42020 0 0 0 0 0 0 0 0 0
nirp_poussin_b-m-603 0 110071 36911 0 0 0 13849 0 0 0 0 0
nirp_poussin_brm_bifa_38_9 167196 12273 0 0 0 0 0 0 0 0 0 1379
nirp_poussin_fa_1991_064 92876 133594 0 0 0 0 0 0 0 0 0 0
nirp_poussin_fapm090001 0 1580 3537 0 0 11712 104642 11073 0 0 0 0
nirp_poussin_gla_hag_43780 42128 190749 0 0 0 0 0 0 0 0 0 0
nirp_poussin_gla_hag_50994 62269 133573 0 0 0 0 0 0 0 0 0 0
nirp_poussin_l_f9_1943_4_0 17508 104845 6054 0 13687 0 0 0 0 0 0 0
nirp_poussin_som_hm_a1 31984 163136 21133 0 0 0 0 0 0 0 0 0
nirp_poussin_som_hm_a219 127710 101227 0 0 0 0 0 0 0 0 0 0
nirp_poussin_som_hm_a270 0 234523 0 0 0 0 0 0 0 0 0 0
nirp_poussin_stopm_kx_19 2050 217623 4960 0 0 0 0 0 0 0 0 0
nirp_poussin_twcms_g1183 1865 218182 0 0 0 0 0 0 0 0 0 0
nirp_poussin_va_pc_2006aw0805 0 223610 0 0 0 0 0 0 0 0 0 0
nirp_poussin_va_pc_2007bp0874 0 14003 60354 76418 17223 0 0 0 0 0 0 0
nirp_raphael_03_1096 51217 168511 252 0 0 0 0 0 0 0 0 0
nirp_raphael_03_1099 36857 175609 0 0 0 0 0 0 0 0 0 0
nirp_raphael_03_1100 0 115123 74374 0 0 0 0 0 0 0 0 0
nirp_raphael_03_1101 19517 152225 12399 0 0 0 0 0 0 0 0 0
nirp_raphael_03_1102 21815 130572 32249 0 0 0 0 0 0 0 0 0
nirp_raphael_03_1183 17019 165845 18600 0 0 0 0 0 0 0 0 0
nirp_raphael_03_1184 7090 151379 57439 0 0 0 0 0 0 0 0 0
nirp_raphael_03_1221 0 35552 24777 0 0 0 57514 2963 0 0 0 0
nirp_raphael_03_1229 0 27654 0 0 0 0 73766 34655 0 0 0 0
nirp_raphael_03_1302 20703 204347 0 0 0 0 0 0 0 0 0 0
nirp_raphael_03_1326 11141 112450 11066 0 0 0 0 32410 0 0 0 0
nirp_raphael_03_1327 57048 152412 0 0 0 0 0 0 0 0 0 0
nirp_raphael_03_1328 28150 91151 23524 0 0 0 0 0 0 0 0 0
nirp_raphael_03_1619 71412 168100 0 0 0 0 0 0 0 0 0 0
nirp_raphael_03_1620 68240 170574 0 0 0 0 0 0 0 0 0 0
nirp_raphael_03_1621 31911 205139 0 0 0 0 0 0 0 0 0 0
nirp_raphael_03_189 14963 16925 25923 55735 52409 0 0 0 0 0 0 0
nirp_raphael_03_3602 22801 187230 0 0 0 0 0 0 0 0 0 0
nirp_raphael_03_3842 22813 46531 0 0 0 0 0 41484 16587 0 0 3427
nirp_raphael_03_450 97189 140020 0 0 0 0 0 0 0 0 0 0
nirp_raphael_03_570 34811 198555 0 0 0 0 0 0 0 0 0 0
nirp_raphael_03_5751 19686 182251 10509 0 0 0 0 0 0 0 0 0
nirp_raphael_03_678 46275 196950 0 0 0 0 0 0 0 0 0 0
nirp_raphael_03_714 0 163796 7544 0 0 0 0 8158 0 0 0 0
nirp_raphael_03_806 37530 124027 0 0 0 0 0 24053 0 0 0 0
nirp_raphael_03_815 41774 200630 0 0 0 0 0 0 0 0 0 0
nirp_raphael_03_902 100235 136297 0 0 0 0 0 0 0 0 0 0
nirp_raphael_03_903 29759 104127 6324 0 0 0 0 0 0 0 7236 21102
nirp_raphael_04_2052 16094 186526 2693 0 0 0 0 0 0 0 0 0
nirp_raphael_1910-62 2132 139258 64358 0 0 0 0 0 0 0 0 0
nirp_raphael_1978_228 113463 94569 0 0 0 0 0 0 0 0 0 0
nirp_raphael_a1_6 118291 21212 2908 2496 0 0 0 0 0 0 0 0
nirp_raphael_a356 0 29483 56806 1979 0 0 5226 28255 0 0 0 0
nirp_raphael_batvg_p_1945_25 65432 160848 0 0 0 0 0 0 0 0 0 0
nirp_raphael_b-m-800 0 43486 40499 23531 6750 0 4933 0 0 0 0 0
nirp_raphael_b-m-820 19521 83020 12597 0 0 0 27077 0 0 0 0 0
nirp_raphael_b-m-839 10842 122248 515 0 0 0 0 18770 0 0 0 0
nirp_raphael_b-m-939 0 241973 0 0 0 0 0 0 0 0 0 0
nirp_raphael_cancm_4034 4122 56906 49133 0 0 0 11110 9482 0 0 0 0
nirp_raphael_deavm_17 18805 64931 2623 0 0 0 0 40742 0 0 0 0
nirp_raphael_eu_714 10038 173860 0 0 0 0 0 0 0 0 0 0
nirp_raphael_fa000196 45492 61604 4318 0 0 0 25601 0 0 0 0 0
nirp_raphael_gla_hag_43782 72196 144613 6121 0 0 0 0 0 0 0 0 0
nirp_raphael_ncm_1910_59 6613 190130 12457 0 0 0 0 0 0 0 0 0
nirp_raphael_po_168 0 0 21683 44987 69944 21610 0 0 0 0 0 0
nirp_raphael_som_hm_a288 59161 110680 0 0 0 0 0 0 0 0 0 13694
nirp_raphael_som_hm_a94 0 10180 0 0 0 0 0 39435 118926 0 0 0
nirp_raphael_truri_1915_9_5 0 54225 11246 0 64687 30821 0 0 0 0 0 0
nirp_raphael_twcms_g4161 30482 92215 0 0 0 0 0 13072 0 0 0 0
nirp_raphael_va_pc_2006an6767 66391 25614 5043 0 0 0 40880 0 0 0 0 0
nirp_raphael_va_pc_2006be8817 18311 48756 60132 16371 0 0 0 0 0 0 0 0
nirp_raphael_va_pc_2007bp0877 0 98693 9797 0 0 0 54074 0 0 0 0 0
nirp_rebecca_81030139 1710 113228 23867 23829 0 0 0 0 0 0 0 0
nirp_rebecca_81030140 8179 81604 24873 0 0 0 0 0 0 0 6303 25989
nirp_rebecca_81030142 9398 200894 13501 0 0 0 0 0 0 0 0 0
nirp_rebecca_81030143 0 173160 32525 0 0 0 0 0 0 0 0 0
nirp_rebecca_81030144 0 211734 25461 0 0 0 0 0 0 0 0 0
nirp_rebecca_81030145 6340 140722 72426 0 0 0 0 0 0 0 0 0
nirp_rebecca_81030146 0 161803 16458 8808 0 0 0 0 0 0 0 0
nirp_rebecca_81030147 0 136722 61810 0 0 0 0 0 0 0 0 0
nirp_rebecca_81030148 70212 175325 0 0 0 0 0 0 0 0 0 0
nirp_rebecca_hhtf_1997_280a 138614 16444 0 0 0 0 0 0 0 0 0 20006
nirp_rebecca_hhtf_1997_280b 119701 36238 0 0 0 0 0 0 0 0 0 0
nirp_rebecca_hhtf_1997_280c 129813 51919 0 0 0 0 0 0 0 0 0 0
nirp_rebecca_hhtf_1997_280d 135129 0 0 0 0 0 0 0 0 11187 6151 5350
nirp_rebecca_hhtp_2001_1_138 16258 156597 0 0 0 0 0 0 0 0 0 0
nirp_rembrandt_03_716 160719 49037 0 0 0 0 0 0 0 0 0 0
nirp_rembrandt_03_921 41107 0 0 0 0 0 0 0 73518 0 14359 10080
nirp_rembrandt_44749i 0 105754 52344 0 0 0 0 0 0 0 0 0
nirp_rembrandt_44832i 39434 188622 0 0 0 0 0 0 0 0 0 0
nirp_rembrandt_44 3237 26047 18025 0 0 0 12151 34372 13086 0 0 0
nirp_rembrandt_600 0 88911 133361 0 0 0 0 0 0 0 0 0
nirp_rembrandt_601 971 60574 70381 0 0 0 0 0 37449 0 0 0
nirp_rembrandt_90006922 48917 169211 5288 0 0 0 0 0 0 0 0 0
nirp_rembrandt_90006943 11459 105258 105 0 0 0 0 0 35804 0 0 0
nirp_rembrandt_art01984 0 228239 7080 0 0 0 0 0 0 0 0 0
nirp_rembrandt_batvg_p_1939_4 20738 200715 631 0 0 0 0 0 0 0 0 0
nirp_rembrandt_b-m-169 32898 202534 0 0 0 0 0 0 0 0 0 0
nirp_rembrandt_b-m-629 991 72192 13429 0 0 17803 23352 0 0 0 0 0
nirp_rembrandt_b-m-663 139508 109080 0 0 0 0 0 0 0 0 0 0
nirp_rembrandt_b-m-983 0 0 62634 27595 0 0 36240 19362 0 0 0 0
nirp_rembrandt_brm_bifa_41_7 96178 126814 0 0 0 0 0 0 0 0 0 0
nirp_rembrandt_eu_464 27110 46959 0 0 0 0 0 0 16070 33948 5480 13531
nirp_rembrandt_eu_723 0 169135 63760 0 0 0 0 0 0 0 0 0
nirp_rembrandt_eu_737 20857 150802 0 0 0 0 0 0 4804 0 0 0
nirp_rembrandt_fa000014 11460 15923 24509 0 0 0 0 65172 0 0 0 0
nirp_rembrandt_gla_hag_43779 946 0 5730 29947 33050 31620 2047 0 0 0 0 0
nirp_rembrandt_gla_hag_43785 42903 194915 0 0 0 0 0 0 0 0 0 0
nirp_rembrandt_gla_hag_43786 0 0 0 0 15718 69708 55505 22141 0 0 0 0
nirp_rembrandt_op475 0 0 0 0 0 37451 126956 5314 0 0 0 0
nirp_rembrandt_redmg_1944_67_1 144941 84381 0 0 0 0 0 0 0 0 0 0
nirp_rembrandt_skipm_2006_1_7 1783 219111 0 0 0 0 0 0 0 0 0 0
nirp_rembrandt_som_hm_a35 16864 200148 0 0 0 0 0 0 0 0 0 0
nirp_rembrandt_twcms_b8401 14946 229433 0 0 0 0 0 0 0 0 0 0
nirp_rembrandt_twcms_g1995 6627 229439 0 0 0 0 0 0 0 0 0 0
nirp_rembrandt_va_pc_2007bn5350 16533 209959 0 0 0 0 0 0 0 0 0 0
nirp_ribera_1075 0 82858 146128 0 0 0 0 0 0 0 0 0
nirp_ribera_1_194 0 141694 47594 224 0 0 0 0 0 0 0 0
nirp_ribera_1941_18_81 102845 127392 0 0 0 0 0 0 0 0 0 0
nirp_ribera_1974_695 0 59462 65407 427 0 23354 0 0 0 0 0 0
nirp_ribera_1974_696 32933 68365 39476 7303 0 1074 0 0 0 0 0 0
nirp_ribera_2293 0 188017 43172 0 0 0 0 0 0 0 0 0
nirp_ribera_291 99225 32767 0 0 0 0 0 0 26560 10060 0 0
nirp_ribera_44807i 0 174132 29420 0 0 0 0 0 0 0 0 0
nirp_ribera_45059i 64111 113018 12608 0 0 0 0 0 0 0 0 0
nirp_ribera_45_1912 0 0 0 0 0 0 0 0 38781 101118 11230 17866
nirp_ribera_540 0 18889 0 0 0 0 57500 88404 0 0 0 0
nirp_ribera_ag003931 145500 98007 0 0 0 0 0 0 0 0 0 0
nirp_ribera_blkmg_p613 202 67042 56658 54024 0 0 0 0 0 0 0 0
nirp_ribera_b-m-21 26959 37484 0 0 0 0 0 99169 0 0 0 0
nirp_ribera_b-m-38 814 176396 24679 0 0 0 0 0 0 0 0 0
nirp_ribera_b-m-41 49037 49001 0 0 0 0 9183 21742 0 0 0 0
nirp_ribera_b-m-68 163066 1041 0 0 0 0 0 0 16718 0 0 0
nirp_ribera_cp_tr_196 9665 0 0 0 0 0 0 0 21909 97611 23648 0
nirp_ribera_f6125 0 0 0 0 0 13259 171755 22782 0 0 0 0
nirp_ribera_gla_hag_43794 58468 184715 0 0 0 0 0 0 0 0 0 0
nirp_ribera_hhtp_2001_1_22 130148 114250 0 0 0 0 0 0 0 0 0 0
nirp_ribera_hhtp_2001_1_7 120389 108779 0 0 0 0 0 0 0 0 0 0
nirp_ribera_pc_141 11201 137268 7409 0 0 0 0 0 15202 0 0 0
nirp_ribera_som_hm_a42 11928 48705 0 0 0 0 0 0 54718 9866 0 6366
nirp_ribera_twcms_c191 13413 232136 0 0 0 0 0 0 0 0 0 0
nirp_ribera_wm_1580_1948 45817 164203 0 0 0 0 0 0 0 0 0 0
nirp_ribera_wm_1619_1948 78149 0 0 0 0 0 0 2557 79299 0 0 0
nirp_ribera_wm_1627_1948 116240 82873 0 0 0 0 0 3587 0 0 0 0
nirp_ricci_03_187 114824 94805 0 0 0 0 0 0 0 0 0 6704
nirp_ricci_03_188 136532 66727 0 0 0 0 0 0 0 0 0 4804
nirp_ricci_03_201 0 135924 99521 0 0 0 0 0 0 0 0 0
nirp_ricci_03-214 75877 147483 0 0 0 0 0 0 0 0 0 0
nirp_ricci_1956_94 26877 169882 0 0 0 0 0 0 0 0 0 0
nirp_ricci_2000_149_2 0 15561 70974 906 0 0 0 0 0 0 2051 23942
nirp_ricci_2232 0 107652 51097 0 0 0 944 0 0 0 0 0
nirp_ricci_88003009b 107748 114507 0 0 0 0 0 0 0 0 0 0
nirp_ricci_88003010 111127 113521 0 0 0 0 0 0 0 0 0 0
nirp_ricci_88003020 79814 153109 0 0 0 0 0 0 0 0 0 0
nirp_ricci_a1_373 33463 0 11670 3549 0 3759 69266 0 0 0 0 0
nirp_ricci_b-m-58 136802 93820 0 0 0 0 0 0 0 0 0 0
nirp_ricci_brm_bifa_58_4 0 149244 30691 0 0 0 0 0 0 0 0 0
nirp_ricci_fa000076 31084 58479 10099 0 0 0 3957 14203 0 0 0 0
nirp_ricci_hhtp_2001_1_24 145602 20054 0 0 0 0 0 0 0 0 0 0
nirp_ricci_hhtp_2001_1_27 96929 65784 0 0 0 0 0 22424 0 0 0 0
nirp_ricci_p643 0 217220 6100 0 0 0 0 0 0 0 0 0
nirp_ricci_p645 21208 142906 57708 0 0 0 0 0 0 0 0 0
nirp_ricci_scag_12_1967 0 0 65335 35035 19821 2358 0 0 0 0 0 0
nirp_ricci_truri_1923_100 0 105988 94540 1431 0 0 0 0 0 0 0 0
nirp_ricci_twcms_c153 0 50587 155435 1829 0 0 0 0 0 0 0 0
nirp_ricci_twcms_c163 2846 190559 15348 0 0 0 0 0 0 0 0 0
nirp_ricci_va_pc_2007bn4485 0 3909 183083 15684 0 0 0 0 0 0 0 0
nirp_ricci_va_pc_2007bn5748 0 9520 126180 6796 0 0 0 0 0 0 0 0
nirp_ricci_va_pc_2007bp3937 0 8396 146583 28703 0 0 0 0 0 0 0 0
nirp_rosa_1367 119420 7884 0 0 0 0 23650 5335 0 0 0 0
nirp_rosa_1956_92 134289 115063 0 0 0 0 0 0 0 0 0 0
nirp_rosa_1956_93 84849 160836 0 0 0 0 0 0 0 0 0 0
nirp_rosa_1992_261 0 0 52855 114305 2789 0 0 0 0 0 0 0
nirp_rosa_1999q18 12871 224242 0 0 0 0 0 0 0 0 0 0
nirp_rosa_2241 0 84704 98925 0 0 0 0 0 0 0 0 0
nirp_rosa_2969 0 0 170361 14550 0 0 0 0 0 0 0 0
nirp_rosa_2987 0 110752 128032 0 0 0 0 0 0 0 0 0
nirp_rosa_batvg_p_1923_15 0 60974 61538 2205 0 0 0 20593 0 0 0 0
nirp_rosa_batvg_p_1939_76 0 111158 77993 0 0 0 0 0 0 0 0 0
nirp_rosa_b-m-111 0 0 63015 80023 20223 0 0 0 0 0 0 0
nirp_rosa_b-m-150 0 79606 57952 8608 0 1485 0 0 0 0 0 0
nirp_rosa_b-m-745 1515 79374 61582 0 0 0 11150 0 0 0 0 0
nirp_rosa_eu_712 23771 203841 0 0 0 0 0 0 0 0 0 0
nirp_rosa_eu_732 2954 130393 18165 0 0 0 0 21799 0 0 0 0
nirp_rosa_fa000895 0 100125 114115 0 0 0 0 0 0 0 0 0
nirp_rosa_gla_hag_44383 11173 208271 0 0 0 0 0 0 0 0 0 0
nirp_rosa_l_f18_1935_0_0 24141 219279 0 0 0 0 0 0 0 0 0 0
nirp_rosa_mnemg_00_1865_96 0 0 0 0 0 13024 106687 42779 0 0 0 0
nirp_rosa_mnemg_bentlif_45_1897_57 0 0 17696 34681 31614 42493 5100 0 0 0 0 0
nirp_rosa_op_0050 0 95242 78304 0 0 0 0 0 0 0 0 0
nirp_rosa_som_hm_a149 0 0 0 0 0 0 0 0 176957 0 0 0
nirp_rosa_som_hm_a286 38397 202258 0 0 0 0 0 0 0 0 0 0
nirp_rosa_souag_b62 0 0 0 114005 77878 0 0 0 0 0 0 0
nirp_rosa_stopm_kx_17 6264 230240 0 0 0 0 0 0 0 0 0 0
nirp_rosa_stopm_kx_8 25473 220600 0 0 0 0 0 0 0 0 0 0
nirp_rosa_twcms_b9997 0 216146 5723 0 0 0 0 0 0 0 0 0
nirp_rosa_twcms_f9411 126166 120560 0 0 0 0 0 0 0 0 0 0
nirp_rosa_va_pc_2006bh7754 0 67408 88462 5836 0 0 0 0 0 0 0 0
nirp_rosa_watmc_2004_564 0 0 19711 80112 69587 0 0 0 0 0 0 0
nirp_rosa_wm_1591_1948 42759 139178 0 0 0 0 0 19223 0 0 0 0
nirp_rousseau_1122 0 0 0 4819 199375 0 0 0 0 0 0 0
nirp_rousseau_1124 0 53727 180900 0 0 0 0 0 0 0 0 0
nirp_rousseau_3062 0 34307 75552 0 8455 11804 0 0 0 0 0 0
nirp_rousseau_30 0 0 66298 3572 0 0 34872 23006 0 0 0 0
nirp_rousseau_71 15180 1009 0 24064 73257 21729 0 0 0 0 0 0
nirp_rousseau_ag003933 0 47534 67476 7903 10853 36162 0 0 0 0 0 0
nirp_rousseau_brm_bifa_60_12 0 198174 920 0 0 0 0 0 0 0 0 0
nirp_rousseau_nwhcm_1949_134_f 0 13996 52372 26482 12763 18211 0 0 0 0 0 0
nirp_rousseau_va_pc_2006ag3567 0 173172 11398 0 0 0 0 0 0 0 0 0
nirp_rousseau_va_pc_2006ag3569 0 66711 91956 18905 0 0 0 0 0 0 0 0
nirp_rousseau_va_pc_2006bb4973 0 8206 117436 51889 11712 0 0 0 0 0 0 0
nirp_rousseau_va_pc_2007bl4049 0 0 30988 64642 40074 10409 0 0 0 0 0 0
nirp_rubens_07_3506 0 246277 0 0 0 0 0 0 0 0 0 0
nirp_rubens_10_1032 17041 174048 0 0 0 0 0 0 0 0 0 0
nirp_rubens_1910-55 10430 178203 31360 0 0 0 0 0 0 0 0 0
nirp_rubens_1941_18_94 0 72867 110987 0 0 0 0 0 0 0 0 0
nirp_rubens_1952_3_38 0 223265 6976 0 0 0 0 0 0 0 0 0
nirp_rubens_1967_114_3 90758 42118 0 0 0 0 0 21067 0 0 0 0
nirp_rubens_1967_195 0 197084 2304 0 0 0 0 0 0 0 0 0
nirp_rubens_1974_637 810 54133 13584 0 0 69981 353 0 0 0 0 0
nirp_rubens_1974_638 3591 85482 40417 0 0 411 5979 0 0 0 0 0
nirp_rubens_1998_126 1256 153980 61101 0 0 0 0 0 0 0 0 0
nirp_rubens_4200 9057 44160 21743 0 0 0 0 3258 27775 0 0 0
nirp_rubens_45519i 0 68384 62118 0 14856 552 0 0 0 0 0 0
nirp_rubens_609 0 44187 77213 0 0 0 0 3432 19395 0 0 0
nirp_rubens_74_59 22658 222354 0 0 0 0 0 0 0 0 0 0
nirp_rubens_a1946 0 235167 0 0 0 0 0 0 0 0 0 0
nirp_rubens_aybcm_2007_58_5 101986 128081 0 0 0 0 0 0 0 0 0 0
nirp_rubens_batvg_p_1940_8 22541 213002 0 0 0 0 0 0 0 0 0 0
nirp_rubens_bikgm_793 19968 49753 0 0 0 0 39003 9124 0 0 0 0
nirp_rubens_b-m-481 0 103495 52915 4108 0 0 0 0 0 0 0 0
nirp_rubens_b-m-634 66462 43604 0 0 0 0 0 0 5308 0 0 3114
nirp_rubens_b-m-831 51648 38979 0 0 0 0 0 33840 0 0 0 0
nirp_rubens_bolmg_1891_5 27419 104640 31580 0 0 0 0 0 0 0 0 0
nirp_rubens_brm_bifa_40_11 20057 216065 0 0 0 0 0 0 0 0 0 0
nirp_rubens_brm_bifa_50_1 0 0 0 0 0 0 4834 128153 33338 0 0 0
nirp_rubens_brm_bifa_99_1 0 199796 29685 0 0 0 0 0 0 0 0 0
nirp_rubens_cancm_11942 30607 55066 50882 3012 0 0 0 0 0 0 0 0
nirp_rubens_cp_tr_259 68942 2151 0 0 0 0 0 0 36485 7419 0 26389
nirp_rubens_cp_tr_260 31299 0 0 0 0 0 0 0 141912 2986 0 0
nirp_rubens_fa000005 14615 91728 61373 7736 0 0 0 0 0 0 0 0
nirp_rubens_gla_hag_43808 71801 174950 0 0 0 0 0 0 0 0 0 0
nirp_rubens_hasmg_953_15 0 0 0 0 0 0 0 159107 0 0 0 0
nirp_rubens_mnemg_00_1873_55 1502 28085 0 0 0 43985 66923 0 0 0 0 0
nirp_rubens_mnemg_00_1883_98 0 0 0 0 3112 59465 103065 0 0 0 0 0
nirp_rubens_mnemg_00_1883_99 0 0 0 0 3583 122851 25521 0 0 0 0 0
nirp_rubens_mnemg_10_1944_115 19402 16829 0 0 0 47210 53083 0 0 0 0 0
nirp_rubens_o-77 15155 16409 0 0 0 1660 25318 89886 0 0 0 0
nirp_rubens_op_0049 0 43604 147577 0 0 0 0 0 0 0 0 0
nirp_rubens_op158 0 215654 9055 0 0 0 0 0 0 0 0 0
nirp_rubens_op276 21500 205633 0 0 0 0 0 0 0 0 0 0
nirp_rubens_plymm_014 65308 5982 0 0 0 0 0 0 33570 6701 4813 21638
nirp_rubens_po_225 12532 54144 5027 0 0 0 0 47478 1036 0 0 0
nirp_rubens_po_276 1854 16418 64302 74310 2531 0 0 0 0 0 0 0
nirp_rubens_po_5 6723 18086 14818 0 0 0 18513 53696 0 0 0 0
nirp_rubens_som_hm_a256 18835 155972 17537 0 0 0 0 0 0 0 0 0
nirp_rubens_truri_1923_52 0 37831 175828 0 0 0 0 0 0 0 0 0
nirp_rubens_twcms_b9984 20790 172548 4096 0 0 0 0 0 0 0 0 0
nirp_rubens_twcms_c161 958 230292 0 0 0 0 0 0 0 0 0 0
nirp_rubens_twcms_g1191 84490 137577 0 0 0 0 0 0 0 0 0 0
nirp_rubens_twcms_g3894 1051 239200 0 0 0 0 0 0 0 0 0 0
nirp_rubens_va_pc_2006bh7526 0 79446 63555 50895 0 0 0 0 0 0 0 0
nirp_rubens_va_pc_2006bh7530 0 158121 3842 0 0 0 1138 21113 0 0 0 0
nirp_rubens_va_pc_2006bh7543 0 90993 76448 0 0 0 0 0 0 0 0 0
nirp_rubens_va_pc_2006bh7765 0 45614 41456 30790 23539 11029 0 0 0 0 0 0
nirp_rubens_va_pc_2007bp0891 56794 184755 0 0 0 0 0 0 0 0 0 0
nirp_rubens_wisfm_1938_25_1 8255 182929 25969 0 0 0 0 0 0 0 0 0
nirp_rubens_wm_1570-1948 39854 188813 0 0 0 0 0 0 0 0 0 0
nirp_rubens_wm_1586_1948 77112 37657 0 0 0 0 0 20970 6665 0 0 0
nirp_rubens_wm_1597_1948 64749 126264 0 0 0 0 0 0 0 0 0 0
nirp_rubens_wm_1608_1948 0 185180 33839 0 0 0 0 0 0 0 0 0
nirp_rubens_wm_1626_1948 97862 109081 0 0 0 0 0 0 0 0 0 0
nirp_rubens_x158 53330 24772 0 0 0 0 0 0 48073 52664 0 0
nirp_teniers_1313 0 128839 35899 0 0 0 0 0 0 0 0 0
nirp_teniers_13 0 153884 19927 0 0 0 0 0 0 0 0 0
nirp_teniers_1904-109 0 182764 13758 0 0 0 0 0 0 0 0 0
nirp_teniers_1904-110 440 222238 0 0 0 0 0 0 0 0 0 0
nirp_teniers_1925p81 0 219225 10400 0 0 0 0 0 0 0 0 0
nirp_teniers_1974_777 0 3980 93521 55644 9091 0 0 0 0 0 0 0
nirp_teniers_259 0 149675 47218 0 0 0 0 0 0 0 0 0
nirp_teniers_44623i 0 164349 14275 0 0 3376 0 0 0 0 0 0
nirp_teniers_44639i 0 103967 86273 0 0 0 0 0 0 0 0 0
nirp_teniers_44715i 5550 236407 0 0 0 0 0 0 0 0 0 0
nirp_teniers_44733i 0 173674 20866 0 0 0 0 0 0 0 0 0
nirp_teniers_44987i 15413 182117 12649 0 0 0 0 0 0 0 0 0
nirp_teniers_45071i 0 176318 24359 0 0 0 0 0 0 0 0 0
nirp_teniers_45082i 0 190407 8438 0 0 0 0 0 0 0 0 0
nirp_teniers_47474i 0 243091 0 0 0 0 0 0 0 0 0 0
nirp_teniers_90009800 6536 208703 192 0 0 0 0 0 0 0 0 0
nirp_teniers_a1949 55252 133387 17297 0 0 0 0 0 0 0 0 0
nirp_teniers_a1950 0 230483 0 0 0 0 0 0 0 0 0 0
nirp_teniers_a1951 145826 86834 0 0 0 0 0 0 0 0 0 0
nirp_teniers_ag003549 0 0 902 22037 24756 0 0 0 1146 29636 0 0
nirp_teniers_aybcm_artt_19_1 70199 13342 0 0 0 0 0 0 7824 14930 10941 27416
nirp_teniers_aybcm_artt_19_2 95911 31788 0 0 0 0 0 0 0 12899 1505 16108
nirp_teniers_bikgm_51 8595 34662 1615 0 0 0 0 57415 3525 0 0 0
nirp_teniers_b-m-105 0 67978 5273 0 0 0 51452 22274 0 0 0 0
nirp_teniers_b-m-120 0 16800 126403 20525 0 0 0 0 0 0 0 0
nirp_teniers_b-m-189 45279 179607 0 0 0 0 0 0 0 0 0 0
nirp_teniers_b-m-197 722 198958 8499 0 0 0 0 0 0 0 0 0
nirp_teniers_b-m-834 138679 0 0 0 0 0 0 0 0 0 0 23197
nirp_teniers_brm_bifa_47_1 0 162758 15685 0 0 0 0 0 0 0 0 0
nirp_teniers_deavm_58 0 1913 111632 30311 0 0 0 0 0 0 0 0
nirp_teniers_eu_739 15449 163444 0 0 0 0 0 8156 0 0 0 0
nirp_teniers_eu_740 21323 85061 16307 0 0 0 0 23867 0 0 0 0
nirp_teniers_fa000517 0 7584 50067 10910 6517 19248 16638 0 0 0 0 0
nirp_teniers_fa000518 0 13600 28002 14911 6505 5075 0 25841 0 0 0 0
nirp_teniers_fa000519 0 26830 76470 6692 0 0 0 14408 0 0 0 0
nirp_teniers_fa000520 0 529 45261 9762 0 0 0 52822 0 0 0 0
nirp_teniers_fa000521 0 48686 108310 6326 0 0 0 0 0 0 0 0
nirp_teniers_fao_146 18515 174878 28621 0 0 0 0 0 0 0 0 0
nirp_teniers_klmus_180_1989 10058 39013 0 0 0 0 84237 7913 0 0 0 0
nirp_teniers_klmus_2579_1985 0 32969 0 0 0 77532 46953 0 0 0 0 0
nirp_teniers_leamg_a381_1953 96128 112266 0 0 0 0 0 0 0 0 0 0
nirp_teniers_leamg_a390_1953 6291 235084 0 0 0 0 0 0 0 0 0 0
nirp_teniers_mnemg_00_1855_42 0 0 11175 0 0 1005 12227 109247 0 0 0 0
nirp_teniers_mnemg_00_1855_43 0 0 3064 0 0 5763 7296 115436 0 0 0 0
nirp_teniers_mnemg_00_1855_70 0 41019 5713 0 0 22347 77988 0 0 0 0 0
nirp_teniers_ncm_1904_111 0 0 0 129444 70247 0 0 0 0 0 0 0
nirp_teniers_ncm_1904_112 0 2010 91724 67848 11380 0 0 0 0 0 0 0
nirp_teniers_nt1984_013 0 58078 83173 17868 0 0 0 0 0 0 0 0
nirp_teniers_ntsb35 30289 143694 0 0 0 0 0 0 0 0 0 0
nirp_teniers_ntsb37 6827 158436 6717 0 0 0 0 0 0 0 0 0
nirp_teniers_pd1989_1 12505 85206 109363 0 0 0 0 0 0 0 0 0
nirp_teniers_rocdg_1364 0 0 156561 30935 0 0 0 0 0 0 0 0
nirp_teniers_scag_1408 0 6798 54880 20996 15161 30534 0 0 0 0 0 0
nirp_teniers_som_hm_a186 79592 57413 0 0 0 0 0 0 10751 8062 0 0
nirp_teniers_som_hm_a51 24190 46042 0 0 0 0 0 0 76488 0 0 1390
nirp_teniers_som_hm_a52 0 177205 52248 0 0 0 0 0 0 0 0 0
nirp_teniers_som_hm_a53 0 195385 25145 0 0 0 0 0 0 0 0 0
nirp_teniers_som_hm_a61 15506 161751 38132 0 0 0 0 0 0 0 0 0
nirp_teniers_twcms_b4235 0 0 0 28329 92393 44313 0 0 0 0 0 0
nirp_teniers_twcms_b6243 62151 181534 0 0 0 0 0 0 0 0 0 0
nirp_teniers_twcms_c7362 0 0 0 0 0 24291 30352 59110 0 0 0 0
nirp_teniers_twcms_g443 18317 226421 0 0 0 0 0 0 0 0 0 0
nirp_teniers_va_pc_2006bf8096 0 74286 54623 18490 0 0 0 0 0 0 0 0
nirp_teniers_va_pc_2006bh7405 0 77493 62752 11324 18771 0 0 0 0 0 0 0
nirp_teniers_va_pc_2006bh7409 0 66275 52573 14700 0 0 1177 0 0 0 0 0
nirp_teniers_va_pc_2007bp1108 0 0 0 0 20224 31596 83555 0 0 0 0 0
nirp_teniers_wm_1499_1948 0 159682 118 0 0 0 0 2292 0 0 0 0
nirp_teniers_wm_1579_1948 33970 163030 0 0 0 0 0 7661 0 0 0 0
nirp_teniers_wm_1581_1948 56861 76539 0 0 0 0 0 31896 0 0 0 0
nirp_teniers_wm_1583_1948 41521 146697 0 0 0 0 0 8098 0 0 0 0
nirp_teniers_wm_1589_1948 17319 156288 0 0 0 0 0 18428 0 0 0 0
nirp_teniers_wm_1595_1948 45867 81041 0 0 0 0 0 0 11630 0 0 2373
nirp_teniers_wm_1602_1948 48253 15345 0 0 0 0 0 21548 50619 0 0 4933
nirp_teniers_wm_1609_1948 59916 150793 0 0 0 0 0 0 0 0 0 0
nirp_teniers_wm_1611_1948 5046 212076 0 0 0 0 0 0 0 0 0 0
nirp_teniers_wm_1613_1948 12845 117455 11830 0 0 0 0 37137 0 0 0 0
nirp_titian_03_1199 31904 89626 0 0 0 0 0 0 13349 0 0 0
nirp_titian_03_472 71777 139608 0 0 0 0 0 0 0 0 0 0
nirp_titian_1910-58 23160 201926 0 0 0 0 0 0 0 0 0 0
nirp_titian_88070010 212956 32729 0 0 0 0 0 0 0 0 0 0
nirp_titian_88070011 246968 0 0 0 0 0 0 0 0 0 0 0
nirp_titian_88070012 17488 215088 0 0 0 0 0 0 0 0 0 0
nirp_titian_88070014 174948 28869 0 0 0 0 0 0 0 0 0 2256
nirp_titian_88070015 87947 124450 0 0 0 0 0 0 0 0 0 0
nirp_titian_88070016 141882 103389 0 0 0 0 0 0 0 0 0 0
nirp_titian_88070017 189469 24599 0 0 0 0 0 0 0 0 0 0
nirp_titian_88070018 100225 109837 0 0 0 0 0 0 0 0 0 0
nirp_titian_batvg_p_1900_43 19606 219873 0 0 0 0 0 0 0 0 0 0
nirp_titian_b-m-211 0 85270 129098 0 0 0 0 0 0 0 0 0
nirp_titian_b-m-570 58936 80205 35806 0 0 510 0 0 0 0 0 0
nirp_titian_cancm_4036 21693 10410 86965 0 0 11439 0 0 0 0 0 3680
nirp_titian_eu_741 34286 186146 0 0 0 0 0 0 0 0 0 0
nirp_titian_gla_hag_43830 2719 19963 80112 75427 0 0 0 0 0 0 0 0
nirp_titian_gr_243 0 0 0 0 14362 72519 49819 7920 0 0 0 0
nirp_titian_hhtp_2001_1_12 243186 5168 0 0 0 0 0 0 0 0 0 0
nirp_titian_mnemg_pcf_kt_mm_30_006 24893 19285 0 0 0 0 6066 71938 0 0 0 0
nirp_titian_ncm_1907_127 77785 125241 13092 0 0 0 0 0 0 0 0 0
nirp_titian_ncm_1910_60 0 179265 58700 0 0 0 0 0 0 0 0 0
nirp_titian_plymm_059 14814 225874 0 0 0 0 0 0 0 0 0 0
nirp_titian_sbc_1976_0148 110185 130269 0 0 0 0 0 0 0 0 0 0
nirp_titian_som_hm_a250 3087 0 0 0 0 0 0 0 141097 21946 0 0
nirp_titian_som_hm_a257 0 5706 0 0 0 0 0 19742 131706 0 0 0
nirp_titian_souag_b124 108723 115275 0 0 0 0 0 0 0 0 0 0
nirp_titian_truri_1000_63 4933 90795 54932 17642 2558 0 0 0 0 0 0 0
nirp_titian_twcms_c159 0 191676 40916 0 0 0 0 0 0 0 0 0
nirp_titian_twcms_g530 20318 157237 29556 0 0 0 0 0 0 0 0 0
nirp_titian_va_pc_2007bn5752 0 0 41913 107103 28227 0 0 0 0 0 0 0
nirp_titian_wm_1582_1948 88214 89430 0 0 0 0 0 0 0 0 0 7501
nirp_titian_wm_1620_1948 21827 44443 0 0 0 0 0 0 84322 0 0 0
nirp_titian_x275 10171 0 0 0 0 0 0 0 37685 90040 15143 6815
nirp_velazquez_03_1097 38022 199189 0 0 0 0 0 0 0 0 0 0
nirp_velazquez_03_630 0 22135 0 0 0 0 34408 105976 0 0 0 0
nirp_velazquez_03_822 139584 83504 0 0 0 0 0 0 0 0 0 0
nirp_velazquez_198 85055 64326 0 0 0 0 0 0 0 0 0 0
nirp_velazquez_b-m-25 0 197298 29744 0 0 0 0 0 0 0 0 0
nirp_velazquez_brm_bifa_b_1_56 0 192247 48209 0 0 0 0 0 0 0 0 0
nirp_velazquez_op_0069 0 35475 87551 36633 3302 0 0 0 0 0 0 0
nirp_velazquez_pc_10 0 0 21015 33183 10518 9037 7839 35200 0 0 0 0
nirp_velazquez_pc_67 0 19892 95445 0 0 0 0 0 30047 0 0 0
nirp_velazquez_pc_71 0 0 10565 16150 22354 74844 0 0 0 0 0 0
nirp_velazquez_pc_88 0 45974 79811 0 0 0 0 0 37695 0 0 0
nirp_velazquez_plymm_081 0 205021 0 0 0 0 0 0 0 0 0 0
nirp_velazquez_som_hm_a58 33055 156116 22805 0 0 0 0 0 0 0 0 0
nirp_velazquez_stopm_kx_13 0 0 15154 42485 52549 6830 2799 0 0 0 0 0
nirp_velazquez_stopm_kx_14 3795 239902 0 0 0 0 0 0 0 0 0 0
nirp_velazquez_stopm_kx_15 13225 231279 0 0 0 0 0 0 0 0 0 0
nirp_velazquez_va_pc_2006bh7859 0 73209 57912 10110 11402 0 0 0 0 0 0 0
nirp_velazquez_va_pc_2007bp0855 0 241439 0 0 0 0 0 0 0 0 0 0
nirp_velazquez_wm_1548_1948 94265 121701 0 0 0 0 0 0 0 0 0 0
nirp_velazquez_wm_1549_1948 0 149379 24390 0 0 0 0 0 0 0 0 0
nirp_velazquez_wm_1590_1948 120867 63613 0 0 0 0 0 0 0 0 0 32246
nirp_velazquez_wm_1593_1948 26893 88737 0 0 0 0 0 0 36936 0 0 0
nirp_velazquez_wm_1596_1948 40364 77859 0 0 0 0 0 15631 36455 0 0 0
nirp_velazquez_wm_1600_1948 27293 72258 0 0 0 0 0 0 18506 2728 13773 7205
nirp_veronese_brm_bifa_53_5 4396 179759 4923 0 0 0 0 0 0 0 0 0
nirp_veronese_deavm_2 0 15943 80770 31529 0 2823 0 0 0 0 0 0
nirp_veronese_eu_745 41042 105379 0 0 0 0 0 35613 0 0 0 0
nirp_veronese_fa000070 53405 47950 3507 0 0 0 0 21985 0 0 0 0
nirp_veronese_fa000079 0 20940 26819 38588 30594 11223 0 0 0 0 0 0
nirp_veronese_fa000207 43039 110251 0 0 0 0 13819 0 0 0 0 0
nirp_veronese_gla_hag_43837 55382 167858 0 0 0 0 0 0 0 0 0 0
nirp_veronese_gr_247 167726 55143 0 0 0 0 0 0 0 0 0 0
nirp_veronese_hhtp_2001_1_13 0 1746 35612 8413 2174 0 4005 69399 0 0 0 0
nirp_veronese_hhtp_2001_2_71 52413 21048 1638 8148 24564 28176 0 0 0 0 0 0
nirp_veronese_mnemg_00_1873_77 2846 5134 0 0 0 32908 43436 17251 0 0 0 0
nirp_veronese_mnemg_00_1873_78 0 4227 21122 0 0 11004 37673 24359 0 0 0 0
nirp_veronese_plymm_060 33079 196617 0 0 0 0 0 0 0 0 0 0
nirp_veronese_som_hm_a17 3761 9803 28540 0 0 0 0 0 48542 2460 0 0
nirp_veronese_va_pc_2006bh7649 0 41942 67847 0 1825 1696 12551 0 0 0 0 0
nirp_veronese_va_pc_2007bp0709 54938 167219 0 0 0 0 0 0 0 0 0 0
nirp_veronese_va_pc_2007bp1190 0 4475 47965 111042 0 0 0 0 0 0 0 0
nirp_wouwerman_1_232 0 66632 141063 0 0 0 0 0 0 0 0 0
nirp_wouwerman_1899_1_7 30002 196802 0 0 0 0 0 0 0 0 0 0
nirp_wouwerman_39 0 33472 142508 0 0 0 0 0 0 0 0 0
nirp_wouwerman_626 0 54078 0 0 0 0 0 0 108672 0 0 0
nirp_wouwerman_a286 76170 93105 0 0 0 0 0 0 0 0 0 0
nirp_wouwerman_batvg_p_1948_21 6845 182918 35553 0 0 0 0 0 0 0 0 0
nirp_wouwerman_b-m-219 44419 18913 0 0 0 0 0 53373 43193 0 0 0
nirp_wouwerman_fa000245 1162 57665 90230 0 0 0 0 0 0 0 0 0
nirp_wouwerman_gla_hag_43842 11280 223544 0 0 0 0 0 0 0 0 0 0
nirp_wouwerman_gla_hag_43843 0 211617 0 0 0 0 0 0 0 0 0 0
nirp_wouwerman_harag_107 0 142339 65990 0 0 0 0 0 0 0 0 0
nirp_wouwerman_harag_759 0 38066 176866 0 0 0 0 0 0 0 0 0
nirp_wouwerman_leamg_a385_1953 92863 72404 0 0 0 0 0 0 0 0 0 17801
nirp_wouwerman_nwhcm_1956_10_f 0 0 25803 31136 37873 42853 19648 0 0 0 0 0
nirp_wouwerman_nwhcm_1969_182_f 0 155543 70833 0 0 0 0 0 0 0 0 0
nirp_wouwerman_nwhcm_1991_1_37_f 0 0 0 11409 128606 30235 0 0 0 0 0 0
nirp_wouwerman_op159 0 229268 0 0 0 0 0 0 0 0 0 0
nirp_wouwerman_pd1989_7 56982 67338 0 0 0 0 0 30655 0 0 0 0
nirp_wouwerman_redmg_1931_311_1 8816 20344 0 0 0 0 0 0 69170 22809 1266 2029
nirp_wouwerman_som_hm_a243 18786 180741 23163 0 0 0 0 0 0 0 0 0
nirp_wouwerman_som_hm_a86 0 55938 109886 0 0 0 0 0 0 0 0 0
nirp_wouwerman_twcms_c7389 6134 161433 13059 0 0 1497 0 0 0 0 0 0
nirp_wouwerman_twcms_g17023 0 58313 14453 0 0 0 0 41564 39053 0 0 0
nirp_wouwerman_va_pc_2006bh7577 0 6352 57012 18211 3392 11622 12785 2950 0 0 0 0
nirp_wouwerman_va_pc_2006bh7628 0 13794 34941 14026 0 0 80478 0 0 0 0 0
nirp_wouwerman_va_pc_2007bp1211 0 0 9570 6573 32925 56856 6555 0 0 0 0 0
nirp_wouwerman_wisfm_1938_25_25 0 170 120541 48740 7086 0 0 0 0 0 0 0
nirp_wouwerman_wisfm_1938_25_26 0 80745 74939 0 0 10004 0 0 0 0 0 0
nirp_zoffany_03_621 13311 221916 0 0 0 0 0 0 0 0 0 0
nirp_zoffany_03_846 95949 144425 0 0 0 0 0 0 0 0 0 0
nirp_zoffany_1934p397 0 0 194590 24249 0 0 0 0 0 0 0 0
nirp_zoffany_1948p39 0 134143 97492 0 0 0 0 0 0 0 0 0
nirp_zoffany_773 68593 104739 26914 0 0 0 0 0 0 0 0 0
nirp_zoffany_ag003018 77126 152778 0 0 0 0 0 0 0 0 0 0
nirp_zoffany_batvg_p_1980_71 0 73877 62619 26077 0 944 0 0 0 0 0 0
nirp_zoffany_batvg_p_1998_1 0 114105 81000 0 0 0 0 0 0 0 0 0
nirp_zoffany_calmg_1993_74 2187 69650 42112 19452 10057 0 0 0 0 0 0 0
nirp_zoffany_dovrm_0_11020_dth 0 1934 102918 52126 30849 0 0 0 0 0 0 0
nirp_zoffany_fa_1991_091 55097 142440 920 0 0 0 0 0 0 0 0 0
nirp_zoffany_op607 0 140484 96590 0 0 0 0 0 0 0 0 0
nirp_zoffany_po_120 0 0 0 0 0 23075 70749 36775 0 0 0 0
nirp_zoffany_som_hm_a93 23656 169957 0 0 0 0 0 0 0 0 0 1512
nirp_zoffany_strpg_1993_122 64523 93553 15953 0 0 0 0 0 0 0 0 0
nirp_zoffany_th2 54390 0 29380 393 0 13147 0 7437 0 0 0 0
nirp_zoffany_twcms_c6961 0 22892 20651 0 0 7308 20052 39749 0 0 0 0
nirp_zoffany_va_1955_0563 3004 110438 0 0 0 0 0 0 13924 7984 2333 4814
nirp_zoffany_x113 26570 0 0 0 0 0 0 0 0 95424 53186 12771
nirp_zoffany_x142 0 69109 19337 0 0 19200 41039 0 0 0 0 0
vam_basawan_2009BX3672 9799 189146 11989 0 0 0 0 0 0 0 0 0
vam_basawan_2009BX3673 16700 195360 0 0 0 0 0 0 0 0 0 0
vam_basawan_2009BX3676 48922 166093 0 0 0 0 0 0 0 0 0 0
vam_basawan_2009BX3677 39521 160783 0 0 0 0 0 0 0 0 0 0
vam_basawan_2009BX3686 30320 182597 0 0 0 0 0 0 0 0 0 0
vam_basawan_2009BX3695 0 208790 12569 0 0 0 0 0 0 0 0 0
vam_basawan_2009BX3705 0 236132 0 0 0 0 0 0 0 0 0 0
vam_basawan_2009BX3713 0 205411 16131 0 0 0 0 0 0 0 0 0
vam_basawan_2009BX3714 13457 181693 8481 0 0 0 0 0 0 0 0 0
vam_basawan_2009BX3720 22191 182898 5611 0 0 0 0 0 0 0 0 0
vam_basawan_2009BX4156 11767 192536 9000 0 0 0 0 0 0 0 0 0
vam_carpenter_2006AH4373 0 155777 82561 0 0 0 0 0 0 0 0 0
vam_carpenter_2006AH4374 0 256718 0 0 0 0 0 0 0 0 0 0
vam_carpenter_2006AH4376 0 188805 46035 0 0 0 0 0 0 0 0 0
vam_carpenter_2006AH4377 0 219899 13849 0 0 0 0 0 0 0 0 0
vam_carpenter_2006AH4380 0 195812 38884 0 0 0 0 0 0 0 0 0
vam_carpenter_2006AH4389 0 209023 15612 0 0 0 0 0 0 0 0 0
vam_carpenter_2006AH4438 6310 232051 0 0 0 0 0 0 0 0 0 0
vam_carpenter_2006AH4570 0 155048 55233 0 0 0 0 0 0 0 0 0
vam_carpenter_2007BM7010 4609 232406 0 0 0 0 0 0 0 0 0 0
vam_constable_2006AG1903 0 0 29517 0 0 9708 24630 76417 0 0 0 0
vam_constable_2006AG3146 0 0 0 0 0 0 148129 63356 0 0 0 0
vam_constable_2006AG3147 0 108026 39138 9113 0 0 0 0 0 0 0 0
vam_constable_2006AG3412 0 0 18215 25417 28481 51256 23921 0 0 0 0 0
vam_constable_2006AG4467 0 52741 70200 3639 0 0 0 12559 0 0 0 0
vam_constable_2006AG8474 39529 105797 0 0 0 0 610 0 0 0 0 0
vam_constable_2006AN1952 0 195606 30439 0 0 0 0 0 0 0 0 0
vam_constable_2006AN7190 0 1876 108672 32600 21710 501 0 0 0 0 0 0
vam_constable_2006AN8022 0 152852 61650 0 0 0 0 0 0 0 0 0
vam_constable_2006AN8090 0 174826 31609 0 0 0 0 0 0 0 0 0
vam_constable_2006AP1985 8569 61839 72977 6883 0 0 0 0 0 0 0 0
vam_constable_2006AP2025 152340 88700 0 0 0 0 0 0 0 0 0 0
vam_constable_2006AP2028 0 43766 93826 0 0 0 15333 0 0 0 0 0
vam_constable_2006AP2612 0 0 21867 0 0 22627 106881 0 0 0 0 0
vam_constable_2006AP2759 0 0 24015 31445 29300 34493 30899 0 0 0 0 0
vam_constable_2006AP2797 0 0 2767 50017 87343 22716 0 0 0 0 0 0
vam_constable_2006AP4208 78254 66924 29355 0 0 0 0 0 0 0 0 0
vam_constable_2006AP4487 0 0 1206 0 0 0 150146 28026 0 0 0 0
vam_constable_2006AP8081 0 0 26196 96955 35481 13873 0 0 0 0 0 0
vam_constable_2006AR1046 0 112981 89406 0 0 0 0 0 0 0 0 0
vam_constable_2006AR9901 9132 21613 0 0 0 0 0 84875 14257 0 0 0
vam_constable_2006AT3598 0 16587 78702 11231 4946 18905 10254 0 0 0 0 0
vam_constable_2006AU5201 0 10093 0 0 0 0 12032 98579 1711 0 0 0
vam_constable_2006AU6454 0 22339 161392 17698 0 0 0 0 0 0 0 0
vam_constable_2006AU6480 0 171483 55352 0 0 0 0 0 0 0 0 0
vam_constable_2006AU6485 0 124289 22841 0 0 0 17971 0 0 0 0 0
vam_constable_2006AU7286 0 0 0 0 0 0 41469 97093 0 0 0 0
vam_constable_2006AV2477 0 0 0 0 0 12646 128134 13454 0 0 0 0
vam_constable_2006BD1579 0 18833 163955 0 0 0 0 0 0 0 0 0
vam_constable_2006BD2424 0 67920 47269 1250 0 3047 7137 0 0 0 0 0
vam_constable_2006BD7920 11807 86191 13978 0 0 0 35657 5059 0 0 0 0
vam_constable_2006BF2240 0 24835 10715 0 0 0 0 78691 13233 0 0 0
vam_constable_2006BF2241 0 50635 59436 0 0 0 2338 40219 0 0 0 0
vam_constable_2006BF3329 0 42040 36275 8011 0 0 33321 0 0 0 0 0
vam_constable_2006BG0300 2328 231606 0 0 0 0 0 0 0 0 0 0
vam_constable_2007BN4455 0 178287 46830 0 0 0 0 0 0 0 0 0
vam_constable_2010EG9859 0 200971 19104 0 0 0 0 0 0 0 0 0
vam_constable_2010EG9863 0 131697 94488 0 0 0 0 0 0 0 0 0
vam_constable_2013GA8901 0 214761 15362 0 0 0 0 0 0 0 0 0
vam_devi_2006AH4415 50319 0 5014 0 0 0 0 0 0 0 14758 60249
vam_devi_2006AH4416 60982 9877 17637 0 0 0 0 0 841 0 0 47632
vam_devi_2006AH4417 45848 26247 36298 0 0 0 0 0 0 0 0 65461
vam_devi_2006AH4518 36535 0 9502 0 0 0 0 0 19348 0 0 57979
vam_devi_2006AH4519 0 41365 35997 0 0 0 0 0 2613 0 0 65115
vam_devi_2006AH4520 4115 26934 8623 0 0 0 0 0 0 0 0 91474
vam_devi_2006AH4522 0 26221 31035 0 0 0 0 0 0 0 0 79760
vam_devi_2006AH4523 7818 912 8656 0 0 0 0 0 15513 0 0 68124
vam_devi_2006AH4524 30049 33151 39645 0 0 0 0 0 0 0 0 40990
vam_devi_2006AH4529 8386 22860 0 0 0 0 0 0 0 0 0 75069
vam_devi_2006AH4531 12191 9667 49244 0 0 0 0 0 0 0 0 48875
vam_devi_2006AH4532 9917 48823 35181 0 0 0 0 0 0 0 0 52267
vam_devi_2006AH4533 4450 0 23941 0 0 0 0 0 0 0 14712 68829
vam_devi_2006AH4534 36973 10958 22204 0 0 0 0 0 10494 0 0 45531
vam_devi_2006AH4535 6463 0 84804 0 0 0 0 0 0 0 0 45746
vam_devi_2006AH4539 0 0 22047 0 0 0 0 0 1855 0 24738 83927
vam_gainsborough_2006AG3404 87008 99528 0 0 0 0 0 0 0 0 0 0
vam_gainsborough_2006AG4469 96338 149430 0 0 0 0 0 0 0 0 0 0
vam_gainsborough_2006AH3941 0 0 0 0 0 17283 128863 27703 0 0 0 0
vam_gainsborough_2006AM1874 0 10738 109312 63850 3745 0 0 0 0 0 0 0
vam_gainsborough_2006AP3706 28881 122131 15701 0 0 0 0 0 0 0 0 0
vam_gainsborough_2006AP9141 0 0 15447 14136 0 11718 103848 0 0 0 0 0
vam_gainsborough_2006AP9849 0 35588 127071 0 0 0 0 0 0 0 0 0
vam_gainsborough_2006AP9850 0 77740 150387 0 0 0 0 0 0 0 0 0
vam_gainsborough_2006AP9851 0 10243 62126 0 0 34560 30998 0 0 0 0 0
vam_gainsborough_2006AP9852 0 86409 140824 0 0 0 0 0 0 0 0 0
vam_gainsborough_2006AP9854 0 7410 91458 8709 0 0 39104 0 0 0 0 0
vam_gainsborough_2006AP9856 0 43161 3295 0 0 9353 67103 11847 0 0 0 0
vam_gainsborough_2006AP9857 0 23793 42992 0 0 0 92143 0 0 0 0 0
vam_jagan_2009BX3651 27289 187547 0 0 0 0 0 0 0 0 0 0
vam_jagan_2009BX3661 17017 188702 0 0 0 0 0 0 0 0 0 0
vam_jagan_2009BX3664 23781 196084 0 0 0 0 0 0 0 0 0 0
vam_jagan_2009BX3665 13507 192922 0 0 0 0 0 0 0 0 0 0
vam_jagan_2009BX3698 16583 152716 9379 0 0 0 0 0 0 0 0 0
vam_jagan_2009BX3703 0 204752 8884 0 0 0 0 0 0 0 0 0
vam_jagan_2009BX3747 35947 155162 0 0 0 0 0 0 0 0 0 0
vam_jagan_2009BX3749 27277 170951 0 0 0 0 0 0 0 0 0 0
vam_jagan_2009BX4159 46641 169110 0 0 0 0 0 0 0 0 0 0
vam_kesav_2009BX3656 37156 180481 0 0 0 0 0 0 0 0 0 0
vam_kesav_2009BX3666 22608 191760 0 0 0 0 0 0 0 0 0 0
vam_kesav_2009BX3667 15933 195251 0 0 0 0 0 0 0 0 0 0
vam_kesav_2009BX3674 37249 175057 0 0 0 0 0 0 0 0 0 0
vam_kesav_2009BX3675 35210 181681 0 0 0 0 0 0 0 0 0 0
vam_kesav_2009BX3684 16344 172106 0 0 0 0 0 0 0 0 0 0
vam_kesav_2009BX3706 16618 183358 4206 0 0 0 0 0 0 0 0 0
vam_kesav_2009BX3707 5814 198909 0 0 0 0 0 0 0 0 0 0
vam_kesav_2009BX3709 0 177225 16812 0 0 0 0 0 0 0 0 0
vam_kesav_2009BX3715 5842 169899 12353 0 0 0 0 0 0 0 0 0
vam_kesav_2009BX3717 3681 187015 14873 0 0 0 0 0 0 0 0 0
vam_kesav_2009BX3719 12861 219696 0 0 0 0 0 0 0 0 0 0
vam_kesav_2009BX3721 43459 160958 0 0 0 0 0 0 0 0 0 0
vam_kesav_2009BX3724 14794 187481 591 0 0 0 0 0 0 0 0 0
vam_kesav_2009BX3733 13613 207657 0 0 0 0 0 0 0 0 0 0
vam_lal_2006AU0462 23692 151083 14330 0 0 0 0 0 0 0 0 0
vam_lal_2009BX3659 10154 194337 3436 0 0 0 0 0 0 0 0 0
vam_lal_2009BX3660 35176 170958 0 0 0 0 0 0 0 0 0 0
vam_lal_2009BX3663 15410 184971 0 0 0 0 0 0 0 0 0 0
vam_lal_2009BX3670 9678 221166 0 0 0 0 0 0 0 0 0 0
vam_lal_2009BX3678 28570 183302 0 0 0 0 0 0 0 0 0 0
vam_lal_2009BX3679 41381 179057 0 0 0 0 0 0 0 0 0 0
vam_lal_2009BX3680 43076 169452 0 0 0 0 0 0 0 0 0 0
vam_lal_2009BX3694 17408 192870 0 0 0 0 0 0 0 0 0 0
vam_lal_2009BX3699 17568 167457 2842 0 0 0 0 0 0 0 0 0
vam_lal_2009BX3729 0 209495 3410 0 0 0 0 0 0 0 0 0
vam_lal_2009BX3730 0 228800 0 0 0 0 0 0 0 0 0 0
vam_lal_2009BX3731 7440 221760 0 0 0 0 0 0 0 0 0 0
vam_lal_2009BX3732 12404 199586 0 0 0 0 0 0 0 0 0 0
vam_lal_2009BX3739 35757 183306 0 0 0 0 0 0 0 0 0 0
vam_lal_2009BX3740 16205 189575 0 0 0 0 0 0 0 0 0 0
vam_lal_2009BX3746 26623 171977 3767 0 0 0 0 0 0 0 0 0
vam_lal_2009BX3748 22533 151955 9731 0 0 0 0 0 0 0 0 0
vam_lal_2009BX6693 18620 191119 0 0 0 0 0 0 0 0 0 0
vam_leslie_2006AG4465 35038 131184 26772 0 0 0 0 0 0 0 0 0
vam_leslie_2006AG4473 13149 82559 27236 0 0 0 0 0 20185 0 0 0
vam_leslie_2006AG4474 67031 153519 0 0 0 0 0 0 0 0 0 0
vam_leslie_2006AG6826 0 40096 30680 0 0 0 0 30029 19171 0 0 0
vam_leslie_2006AL6917 38862 69683 9293 0 0 0 0 30500 0 0 0 0
vam_leslie_2006AM8946 94675 97202 8031 0 0 0 0 0 0 0 0 0
vam_leslie_2006AP1536 5599 45434 80654 3940 0 0 0 0 0 0 0 0
vam_leslie_2007BP0718 53848 131049 31607 0 0 0 0 0 0 0 0 0
vam_leslie_2007BP3932 48900 182160 0 0 0 0 0 0 0 0 0 0
vam_leslie_2007BP3941 43375 73536 72549 0 0 0 0 0 0 0 0 0
vam_miskin_2006AM4926 0 142569 53070 0 0 0 0 0 0 0 0 0
vam_miskin_2009BX3658 24688 149541 0 0 0 0 0 0 0 0 0 0
vam_miskin_2009BX3681 40392 185415 0 0 0 0 0 0 0 0 0 0
vam_miskin_2009BX3690 9150 177549 8129 0 0 0 0 0 0 0 0 0
vam_miskin_2009BX3692 8264 197179 460 0 0 0 0 0 0 0 0 0
vam_miskin_2009BX3697 41831 140021 14676 0 0 0 0 0 0 0 0 0
vam_miskin_2009BX3700 3474 183048 22653 0 0 0 0 0 0 0 0 0
vam_miskin_2009BX3701 0 236570 0 0 0 0 0 0 0 0 0 0
vam_miskin_2009BX3711 0 221605 0 0 0 0 0 0 0 0 0 0
vam_miskin_2009BX3736 11522 187097 7814 0 0 0 0 0 0 0 0 0
vam_miskin_2009BX3737 3223 201911 2345 0 0 0 0 0 0 0 0 0
vam_miskin_2009BX3741 28316 167807 962 0 0 0 0 0 0 0 0 0
vam_miskin_2009BX4150 0 206221 0 0 0 0 0 0 0 0 0 0
vam_miskin_2009BX4152 8547 210241 0 0 0 0 0 0 0 0 0 0
vam_miskin_2009BX4153 12992 195367 0 0 0 0 0 0 0 0 0 0
vam_mulready_2006AG4471 40050 138605 0 0 0 0 0 0 0 0 0 0
vam_mulready_2006AL6858 17841 84678 0 0 0 0 0 64261 0 0 0 0
vam_mulready_2006AM1959 79637 122707 0 0 0 0 0 0 0 0 0 3952
vam_mulready_2006AP8078 35529 124850 0 0 0 0 0 29850 0 0 0 0
vam_mulready_2006AU3355 31049 155120 9335 0 0 0 0 0 0 0 0 0
vam_mulready_2006AV2479 101 125392 73133 0 0 0 0 0 0 0 0 0
vam_mulready_2006AV3593 5758 182477 19955 0 0 0 0 0 0 0 0 0
vam_mulready_2006AV4412 4564 120829 67272 0 0 0 0 0 0 0 0 0
vam_mulready_2006AV9090 0 29871 91992 0 0 0 0 60746 0 0 0 0
vam_mulready_2006BB5078 8086 156522 17023 0 0 0 0 0 0 0 0 0
vam_tagore_2013GK1346 0 58555 154771 0 0 0 0 0 0 0 0 0
vam_tagore_2013GK1347 0 230797 0 0 0 0 0 0 0 0 0 0
vam_tagore_2013GK1349 0 0 56743 39108 26812 0 0 0 0 0 0 0
vam_tagore_2013GK1351 0 0 200604 31237 0 0 0 0 0 0 0 0
vam_tagore_2013GK1357 0 216374 20738 0 0 0 0 0 0 0 0 0
vam_tagore_2013GK1369 2963 168115 17398 0 0 0 0 7443 0 0 0 0
vam_tagore_2013GK1370 0 199650 36697 0 0 0 0 0 0 0 0 0
vam_tulsi_2009BX3662 24120 162924 0 0 0 0 0 0 0 0 0 0
vam_tulsi_2009BX3682 11013 215985 0 0 0 0 0 0 0 0 0 0
vam_tulsi_2009BX3683 29285 177394 0 0 0 0 0 0 0 0 0 0
vam_tulsi_2009BX3710 8698 208419 0 0 0 0 0 0 0 0 0 0
vam_tulsi_2009BX3726 16165 183525 0 0 0 0 0 0 0 0 0 0
vam_tulsi_2009BX3727 17788 187381 0 0 0 0 0 0 0 0 0 0
vam_tulsi_2009BX4154 250 192769 17917 0 0 0 0 0 0 0 0 0
vam_tulsi_2009BX4155 28074 177590 0 0 0 0 0 0 0 0 0 0
vam_tulsi_2009BX6694 34147 155178 0 0 0 0 0 0 0 0 0 0
vam_tulsi_2009BX6695 30763 167079 0 0 0 0 0 0 0 0 0 0
vam_watts_2006AG3255 47762 102542 0 0 0 0 16992 0 0 0 0 0
vam_watts_2006AG3523 0 80638 349 0 15844 25960 8807 0 0 0 0 0
vam_watts_2006AG3564 77919 92615 1341 0 0 0 0 0 0 0 0 0
vam_watts_2006AG3566 46386 86182 0 0 0 0 0 0 0 0 0 0
vam_watts_2006AG4468 41020 126320 0 0 7403 0 0 0 0 0 0 0
vam_watts_2006BB5302 0 82634 37766 0 0 0 0 31178 0 0 0 0
vam_watts_2006BG0344 0 175432 29257 1926 0 0 0 0 0 0 0 0
vam_watts_2006BG0345 25686 85623 0 0 27157 20557 0 0 0 0 0 0
vam_watts_2006BG0347 0 34626 62061 0 0 0 71640 0 0 0 0 0
vam_watts_2007BP0701 0 6571 0 0 126261 25397 9773 0 0 0 0 0
